,Reference,CatN1,CatN2,Date,Cat_Price,CPC_max,CPC_medio,Impressions,Clics,Cost,Conversions,All_Conversions,Ads_Income,Ads_Income_All
9759,101318,muebles,sillería y tapicería,2017-10-06,80,0.24,0.0,30,0,0.0,0.0,0.0,0.0,0.0
9760,101318,muebles,sillería y tapicería,2017-10-13,80,0.24,0.2,82,2,0.39,0.0,0.0,0.0,0.0
9761,101318,muebles,sillas,2018-02-01,60,0.24,0.0,2,0,0.0,0.0,0.0,0.0,0.0
9762,101318,muebles,sillería y tapicería,2017-10-15,80,0.24,0.19,101,1,0.19,0.0,0.0,0.0,0.0
9763,101318,muebles,sillería y tapicería,2017-11-05,80,0.24,0.2,197,6,1.21,0.0,0.0,0.0,0.0
9764,101318,muebles,sillería y tapicería,2017-11-19,80,0.24,0.19,253,4,0.77,0.0,0.0,0.0,0.0
9765,101318,muebles,sillería y tapicería,2017-10-03,80,0.24,0.0,32,0,0.0,0.0,0.0,0.0,0.0
9766,101318,muebles,sillería y tapicería,2017-10-07,80,0.24,0.0,29,0,0.0,0.0,0.0,0.0,0.0
9767,101318,muebles,sillería y tapicería,2017-11-06,80,0.24,0.0,140,0,0.0,0.0,0.0,0.0,0.0
9768,101318,muebles,sillería y tapicería,2017-10-25,80,0.24,0.2,11,1,0.2,0.0,0.0,0.0,0.0
9769,101318,muebles,sillería y tapicería,2017-11-07,80,0.24,0.0,106,0,0.0,0.0,0.0,0.0,0.0
9770,101318,muebles,sillas,2018-02-02,60,0.24,0.18,20,1,0.18,0.0,0.0,0.0,0.0
9771,101318,muebles,sillería y tapicería,2017-10-31,80,0.24,0.0,7,0,0.0,0.0,0.0,0.0,0.0
9772,101318,muebles,sillería y tapicería,2017-11-08,80,0.24,0.29,102,1,0.29,0.0,0.0,0.0,0.0
9773,101318,muebles,sillería y tapicería,2017-10-17,80,0.24,0.0,8,0,0.0,0.0,0.0,0.0,0.0
9774,101318,muebles,sillería y tapicería,2017-11-20,80,0.24,0.0,24,0,0.0,0.0,0.0,0.0,0.0
9775,101318,muebles,sillería y tapicería,2017-11-16,80,0.24,0.0,17,0,0.0,0.0,0.0,0.0,0.0
9776,101318,muebles,sillería y tapicería,2017-11-18,80,0.24,0.2,62,3,0.59,0.0,0.0,0.0,0.0
9777,101318,muebles,sillería y tapicería,2017-10-05,80,0.24,0.12,38,1,0.12,0.0,0.0,0.0,0.0
9778,101318,muebles,sillería y tapicería,2017-10-28,80,0.24,0.0,17,0,0.0,0.0,0.0,0.0,0.0
9779,101318,muebles,sillas,2018-02-03,60,0.24,0.0,103,0,0.0,0.0,0.0,0.0,0.0
9780,101318,muebles,sillería y tapicería,2017-10-04,80,0.24,0.0,40,0,0.0,0.0,0.0,0.0,0.0
9781,101318,muebles,sillería y tapicería,2017-11-09,80,0.24,0.0,7,0,0.0,0.0,0.0,0.0,0.0
9782,101318,muebles,sillería y tapicería,2017-10-27,80,0.24,0.0,18,0,0.0,0.0,0.0,0.0,0.0
9783,101318,muebles,sillas,2018-02-04,60,0.24,0.18,140,4,0.72,0.0,0.0,0.0,0.0
9784,101318,muebles,sillería y tapicería,2017-10-12,80,0.24,0.0,96,0,0.0,0.0,0.0,0.0,0.0
9785,101318,muebles,sillería y tapicería,2017-11-01,80,0.24,0.18,50,2,0.37,0.0,0.0,0.0,0.0
9786,101318,muebles,sillería y tapicería,2017-11-03,80,0.24,0.2,63,1,0.2,0.0,0.0,0.0,0.0
9787,101318,muebles,sillería y tapicería,2017-10-02,80,0.24,0.0,32,0,0.0,0.0,0.0,0.0,0.0
9788,101318,muebles,sillería y tapicería,2017-10-11,80,0.24,0.21,62,1,0.21,0.0,0.0,0.0,0.0
9789,101318,muebles,sillería y tapicería,2017-10-08,80,0.24,0.15,78,5,0.77,0.0,0.0,0.0,0.0
9790,101318,muebles,sillería y tapicería,2017-10-10,80,0.24,0.0,4,0,0.0,0.0,0.0,0.0,0.0
9791,101318,muebles,sillería y tapicería,2017-10-14,80,0.24,0.0,98,0,0.0,0.0,0.0,0.0,0.0
9792,101318,muebles,sillería y tapicería,2017-11-02,80,0.24,0.0,56,0,0.0,0.0,0.0,0.0,0.0
9793,101318,muebles,sillería y tapicería,2017-11-04,80,0.24,0.17,110,3,0.5,0.0,0.0,0.0,0.0
9794,101318,muebles,sillería y tapicería,2017-11-17,80,0.24,0.0,18,0,0.0,0.0,0.0,0.0,0.0
9795,101318,muebles,sillería y tapicería,2017-10-26,80,0.24,0.0,16,0,0.0,0.0,0.0,0.0,0.0
9796,101318,muebles,sillería y tapicería,2017-10-09,80,0.24,0.0,58,0,0.0,0.0,0.0,0.0,0.0
9797,101318,muebles,sillería y tapicería,2017-10-16,80,0.24,0.29,59,1,0.29,0.0,0.0,0.0,0.0
9798,101318,muebles,sillas,2018-07-09,80,0.3,0.31,842,8,2.51,0.0,0.0,0.0,0.0
9799,101318,muebles,sillas,2018-08-01,80,0.3,0.35,778,5,1.76,0.0,0.0,0.0,0.0
9800,101318,muebles,sillas,2018-02-21,80,0.24,0.26,172,2,0.52,0.0,0.0,0.0,0.0
9801,101318,muebles,sillas,2018-05-26,80,0.2,0.29,536,10,2.9,0.0,0.0,0.0,0.0
9802,101318,muebles,sillas,2018-07-17,80,0.3,0.33,1310,8,2.63,0.0,1.0,0.0,0.0
9803,101318,muebles,sillas,2018-07-11,80,0.3,0.29,1292,12,3.5,0.0,0.0,0.0,0.0
9804,101318,muebles,sillas,2018-06-21,80,0.3,0.23,697,2,0.46,0.0,0.0,0.0,0.0
9805,101318,muebles,sillas,2018-09-30,80,0.3,0.0,83,0,0.0,0.0,0.0,0.0,0.0
9806,101318,muebles,sillas,2018-06-26,80,0.3,0.28,1295,3,0.85,0.0,0.0,0.0,0.0
9807,101318,muebles,sillas,2018-04-10,80,0.2,0.24,620,5,1.2,0.0,0.0,0.0,0.0
9808,101318,muebles,sillas,2018-07-05,80,0.3,0.22,872,3,0.65,0.0,0.0,0.0,0.0
9809,101318,muebles,sillas,2018-05-14,80,0.2,0.21,341,3,0.62,0.0,0.0,0.0,0.0
9810,101318,muebles,sillas,2018-03-05,80,0.24,0.17,74,1,0.17,0.0,0.0,0.0,0.0
9811,101318,muebles,sillas,2018-05-11,80,0.2,0.24,279,2,0.48,0.0,0.0,0.0,0.0
9812,101318,muebles,sillas,2018-07-04,80,0.3,0.32,1054,3,0.97,0.0,0.0,0.0,0.0
9813,101318,muebles,sillas,2018-06-12,80,0.3,0.25,833,4,1.0,0.0,0.0,0.0,0.0
9814,101318,muebles,sillas,2018-05-10,80,0.2,0.16,433,2,0.31,0.0,0.0,0.0,0.0
9815,101318,muebles,sillas,2018-07-25,80,0.3,0.35,1395,14,4.88,1.0,2.0,67.3,67.3
9816,101318,muebles,sillas,2018-07-06,80,0.3,0.32,753,2,0.63,0.0,0.0,0.0,0.0
9817,101318,muebles,sillas,2018-04-12,80,0.2,0.0,443,0,0.0,0.0,0.0,0.0,0.0
9818,101318,muebles,sillas,2018-07-24,80,0.3,0.36,1676,8,2.86,1.0,2.0,206.5,206.5
9819,101318,muebles,sillas,2018-03-10,80,0.24,0.17,109,1,0.17,0.0,0.0,0.0,0.0
9820,101318,muebles,sillas,2018-07-01,80,0.3,0.38,1063,7,2.65,0.0,0.0,0.0,0.0
9821,101318,muebles,sillas,2018-05-12,80,0.2,0.24,321,4,0.96,0.0,0.0,0.0,0.0
9822,101318,muebles,sillas,2018-03-11,80,0.24,0.17,93,3,0.51,0.0,0.0,0.0,0.0
9823,101318,muebles,sillas,2018-02-27,80,0.24,0.0,65,0,0.0,0.0,0.0,0.0,0.0
9824,101318,muebles,sillas,2018-02-05,80,0.24,0.26,81,1,0.26,0.0,0.0,0.0,0.0
9825,101318,muebles,sillas,2018-06-05,80,0.3,0.29,270,3,0.88,0.0,0.0,0.0,0.0
9826,101318,muebles,sillas,2018-06-09,80,0.3,0.27,800,8,2.14,0.0,0.0,0.0,0.0
9827,101318,muebles,sillas,2018-06-27,80,0.3,0.25,1090,7,1.73,0.0,0.0,0.0,0.0
9828,101318,muebles,sillas,2018-03-03,80,0.24,0.16,56,2,0.32,0.0,0.0,0.0,0.0
9829,101318,muebles,sillas,2018-02-07,60,0.24,0.15,52,2,0.3,0.0,0.0,0.0,0.0
9830,101318,muebles,sillas,2018-07-18,80,0.3,0.34,1338,6,2.02,0.0,0.0,0.0,0.0
9831,101318,muebles,sillas,2018-06-16,80,0.3,0.28,1203,10,2.81,0.0,0.0,0.0,0.0
9832,101318,muebles,sillas,2018-02-14,60,0.24,0.26,263,1,0.26,0.0,0.0,0.0,0.0
9833,101318,muebles,sillas,2018-02-16,60,0.24,0.18,276,2,0.35,0.0,0.0,0.0,0.0
9834,101318,muebles,sillas,2018-03-09,80,0.24,0.17,76,3,0.52,0.0,0.0,0.0,0.0
9835,101318,muebles,sillas,2018-07-07,80,0.3,0.31,841,9,2.76,0.0,0.0,0.0,0.0
9836,101318,muebles,sillas,2018-06-08,80,0.3,0.24,107,3,0.71,0.0,0.0,0.0,0.0
9837,101318,muebles,sillas,2018-02-13,60,0.24,0.14,509,2,0.27,0.0,0.0,0.0,0.0
9838,101318,muebles,sillas,2018-06-29,80,0.3,0.37,642,2,0.74,0.0,0.0,0.0,0.0
9839,101318,muebles,sillas,2018-03-15,80,0.24,0.0,14,0,0.0,0.0,0.0,0.0,0.0
9840,101318,muebles,sillas,2018-07-14,80,0.3,0.28,1394,4,1.13,0.0,0.0,0.0,0.0
9841,101318,muebles,sillas,2018-03-07,80,0.24,0.17,43,1,0.17,0.0,0.0,0.0,0.0
9842,101318,muebles,sillas,2018-05-13,80,0.2,0.24,480,6,1.42,0.0,0.0,0.0,0.0
9843,101318,muebles,sillas,2018-06-25,80,0.3,0.24,1096,11,2.69,0.0,0.0,0.0,0.0
9844,101318,muebles,sillas,2018-02-05,60,0.24,0.0,6,0,0.0,0.0,0.0,0.0,0.0
9845,101318,muebles,sillas,2018-07-30,80,0.3,0.34,2895,8,2.74,0.0,0.0,0.0,0.0
9846,101318,muebles,sillas,2018-04-01,80,0.2,0.19,237,2,0.38,0.0,0.0,0.0,0.0
9847,101318,muebles,sillas,2018-02-06,80,0.24,0.23,38,1,0.23,0.0,0.0,0.0,0.0
9848,101318,muebles,sillas,2018-06-28,80,0.3,0.29,917,2,0.58,0.0,0.0,0.0,0.0
9849,101318,muebles,sillas,2018-07-29,80,0.3,0.32,3052,24,7.57,0.0,0.0,0.0,0.0
9850,101318,muebles,sillas,2018-02-23,80,0.24,0.0,34,0,0.0,0.0,0.0,0.0,0.0
9851,101318,muebles,sillas,2018-06-13,80,0.3,0.23,718,7,1.58,0.0,0.0,0.0,0.0
9852,101318,muebles,sillas,2018-02-15,60,0.24,0.23,118,3,0.69,0.0,0.0,0.0,0.0
9853,101318,muebles,sillas,2018-07-13,80,0.3,0.35,1184,8,2.82,0.0,0.0,0.0,0.0
9854,101318,muebles,sillas,2018-05-04,80,0.2,0.23,394,5,1.17,0.0,0.0,0.0,0.0
9855,101318,muebles,sillas,2018-04-16,80,0.2,0.24,217,2,0.48,0.0,0.0,0.0,0.0
9856,101318,muebles,sillas,2018-03-01,80,0.24,0.24,36,2,0.49,0.0,0.0,0.0,0.0
9857,101318,muebles,sillas,2018-07-26,80,0.3,0.31,1777,9,2.77,0.0,1.0,0.0,0.0
9858,101318,muebles,sillas,2018-02-09,60,0.24,0.17,141,3,0.52,0.0,0.0,0.0,0.0
9859,101318,muebles,sillas,2018-07-22,80,0.3,0.32,2088,9,2.86,0.0,0.0,0.0,0.0
9860,101318,muebles,sillas,2018-07-15,80,0.3,0.31,1422,6,1.85,0.0,0.0,0.0,0.0
9861,101318,muebles,sillas,2018-02-17,60,0.24,0.16,189,2,0.31,0.0,0.0,0.0,0.0
9862,101318,muebles,sillas,2018-06-30,80,0.3,0.38,1063,1,0.38,0.0,0.0,0.0,0.0
9863,101318,muebles,sillas,2018-06-22,80,0.3,0.3,699,4,1.22,0.0,0.0,0.0,0.0
9864,101318,muebles,sillas,2018-05-08,80,0.2,0.24,798,5,1.19,0.0,0.0,0.0,0.0
9865,101318,muebles,sillas,2018-06-19,80,0.3,0.25,1065,8,1.98,0.0,0.0,0.0,0.0
9866,101318,muebles,sillas,2018-02-20,80,0.24,0.0,380,0,0.0,0.0,0.0,0.0,0.0
9867,101318,muebles,sillas,2018-07-19,80,0.3,0.33,1267,4,1.31,0.0,0.0,0.0,0.0
9868,101318,muebles,sillas,2018-07-08,80,0.3,0.24,1064,6,1.47,0.0,0.0,0.0,0.0
9869,101318,muebles,sillas,2018-05-18,80,0.2,0.09,256,3,0.26,0.0,0.0,0.0,0.0
9870,101318,muebles,sillas,2018-07-31,80,0.3,0.38,2294,4,1.5,0.0,0.0,0.0,0.0
9871,101318,muebles,sillas,2018-03-04,80,0.24,0.18,69,4,0.74,0.0,0.0,0.0,0.0
9872,101318,muebles,sillas,2018-04-04,80,0.2,0.25,297,3,0.75,0.0,0.0,0.0,0.0
9873,101318,muebles,sillas,2018-02-26,80,0.24,0.17,88,2,0.34,0.0,0.0,0.0,0.0
9874,101318,muebles,sillas,2018-03-13,80,0.24,0.19,178,3,0.58,0.0,0.0,0.0,0.0
9875,101318,muebles,sillas,2018-04-02,80,0.2,0.25,227,6,1.48,0.0,0.0,0.0,0.0
9876,101318,muebles,sillas,2018-06-23,80,0.3,0.29,839,9,2.58,0.0,0.0,0.0,0.0
9877,101318,muebles,sillas,2018-04-18,80,0.2,0.22,100,1,0.22,0.0,0.0,0.0,0.0
9878,101318,muebles,sillas,2018-03-08,80,0.24,0.25,60,1,0.25,0.0,0.0,0.0,0.0
9879,101318,muebles,sillas,2018-03-02,80,0.24,0.0,48,0,0.0,0.0,0.0,0.0,0.0
9880,101318,muebles,sillas,2018-04-19,80,0.2,0.2,319,4,0.78,0.0,0.0,0.0,0.0
9881,101318,muebles,sillas,2018-03-06,80,0.24,0.18,67,2,0.36,0.0,0.0,0.0,0.0
9882,101318,muebles,sillas,2018-06-05,80,0.2,0.3,203,1,0.3,0.0,0.0,0.0,0.0
9883,101318,muebles,sillas,2018-04-13,80,0.2,0.21,142,3,0.64,0.0,0.0,0.0,0.0
9884,101318,muebles,sillas,2018-02-25,80,0.24,0.17,80,1,0.17,0.0,0.0,0.0,0.0
9885,101318,muebles,sillas,2018-05-19,80,0.2,0.17,274,5,0.84,0.0,0.0,0.0,0.0
9886,101318,muebles,sillas,2018-06-10,80,0.3,0.24,1093,7,1.66,0.0,0.0,0.0,0.0
9887,101318,muebles,sillas,2018-06-18,80,0.3,0.29,1012,8,2.33,0.0,0.0,0.0,0.0
9888,101318,muebles,sillas,2018-03-14,80,0.24,0.18,193,2,0.35,0.0,0.0,0.0,0.0
9889,101318,muebles,sillas,2018-05-15,80,0.2,0.25,218,2,0.5,0.0,0.0,0.0,0.0
9890,101318,muebles,sillas,2018-02-19,60,0.24,0.0,114,0,0.0,0.0,0.0,0.0,0.0
9891,101318,muebles,sillas,2018-02-18,60,0.24,0.17,19,1,0.17,0.0,0.0,0.0,0.0
9892,101318,muebles,sillas,2018-02-08,60,0.24,0.18,134,1,0.18,0.0,0.0,0.0,0.0
9893,101318,muebles,sillas,2018-05-09,80,0.2,0.24,409,6,1.45,0.0,0.0,0.0,0.0
9894,101318,muebles,sillas,2018-04-23,80,0.2,0.0,286,0,0.0,0.0,0.0,0.0,0.0
9895,101318,muebles,sillas,2018-07-16,80,0.3,0.38,1215,4,1.5,0.0,0.0,0.0,0.0
9896,101318,muebles,sillas,2018-04-25,80,0.2,0.25,373,2,0.5,0.0,0.0,0.0,0.0
9897,101318,muebles,sillas,2018-02-10,60,0.24,0.17,190,5,0.87,0.0,0.0,0.0,0.0
9898,101318,muebles,sillas,2018-06-14,80,0.3,0.27,768,5,1.34,0.0,0.0,0.0,0.0
9899,101318,muebles,sillas,2018-05-20,80,0.2,0.22,344,1,0.22,0.0,0.0,0.0,0.0
9900,101318,muebles,sillas,2018-05-31,80,0.02,0.0,4,0,0.0,0.0,0.0,0.0,0.0
9901,101318,muebles,sillas,2018-07-23,80,0.3,0.35,2068,9,3.12,0.0,1.0,0.0,0.0
9902,101318,muebles,sillas,2018-07-28,80,0.3,0.29,2678,22,6.35,1.0,1.0,266.56,266.56
9903,101318,muebles,sillas,2018-07-21,80,0.3,0.31,1684,11,3.37,0.0,1.0,0.0,0.0
9904,101318,muebles,sillas,2018-02-24,80,0.24,0.0,64,0,0.0,0.0,0.0,0.0,0.0
9905,101318,muebles,sillas,2018-02-12,60,0.24,0.16,230,11,1.75,0.0,0.0,0.0,0.0
9906,101318,muebles,sillas,2018-07-20,80,0.3,0.32,1201,5,1.62,0.0,0.0,0.0,0.0
9907,101318,muebles,sillas,2018-03-12,80,0.24,0.17,105,4,0.67,0.0,0.0,0.0,0.0
9908,101318,muebles,sillas,2018-05-30,80,0.2,0.27,384,1,0.27,0.0,0.0,0.0,0.0
9909,101318,muebles,sillas,2018-05-27,80,0.2,0.27,818,10,2.67,0.0,0.0,0.0,0.0
9910,101318,muebles,sillas,2018-06-17,80,0.3,0.29,1264,14,4.1,0.0,1.0,0.0,0.0
9911,101318,muebles,sillas,2018-05-03,80,0.2,0.25,847,3,0.75,0.0,0.0,0.0,0.0
9912,101318,muebles,sillas,2018-04-07,80,0.2,0.25,285,2,0.5,0.0,0.0,0.0,0.0
9913,101318,muebles,sillas,2018-04-29,80,0.2,0.23,255,6,1.39,0.0,0.0,0.0,0.0
9914,101318,muebles,sillas,2018-02-11,60,0.24,0.16,249,8,1.32,1.0,1.0,215.6,215.6
9915,101318,muebles,sillas,2018-04-28,80,0.2,0.24,183,2,0.49,0.0,0.0,0.0,0.0
9916,101318,muebles,sillas,2018-05-22,80,0.2,0.24,190,3,0.71,0.0,0.0,0.0,0.0
9917,101318,muebles,sillas,2018-07-10,80,0.3,0.3,1217,8,2.36,0.0,0.0,0.0,0.0
9918,101318,muebles,sillas,2018-07-02,80,0.3,0.34,969,4,1.34,0.0,1.0,0.0,0.0
9919,101318,muebles,sillas,2018-04-05,80,0.2,0.25,430,2,0.5,0.0,0.0,0.0,0.0
9920,101318,muebles,sillas,2018-06-03,80,0.2,0.28,1092,13,3.7,0.0,0.0,0.0,0.0
9921,101318,muebles,sillas,2018-04-27,80,0.2,0.0,252,0,0.0,0.0,0.0,0.0,0.0
9922,101318,muebles,sillas,2018-06-20,80,0.3,0.23,791,4,0.93,0.0,0.0,0.0,0.0
9923,101318,muebles,sillas,2018-06-24,80,0.3,0.28,1045,5,1.41,0.0,0.0,0.0,0.0
9924,101318,muebles,sillas,2018-04-09,80,0.2,0.22,222,6,1.31,0.0,1.0,0.0,0.0
9925,101318,muebles,sillas,2018-02-22,80,0.24,0.17,82,1,0.17,0.0,0.0,0.0,0.0
9926,101318,muebles,sillas,2018-05-24,80,0.2,0.2,122,2,0.39,0.0,0.0,0.0,0.0
9927,101318,muebles,sillas,2018-05-21,80,0.2,0.24,244,2,0.49,0.0,0.0,0.0,0.0
9928,101318,muebles,sillas,2018-09-29,80,0.3,0.0,13,0,0.0,0.0,0.0,0.0,0.0
9929,101318,muebles,sillas,2018-06-07,80,0.3,0.16,600,4,0.62,0.0,0.0,0.0,0.0
9930,101318,muebles,sillas,2018-02-20,60,0.24,0.18,38,1,0.18,0.0,0.0,0.0,0.0
9931,101318,muebles,sillas,2018-05-25,80,0.2,0.24,364,6,1.41,0.0,0.0,0.0,0.0
9932,101318,muebles,sillas,2018-03-30,80,0.2,0.25,151,1,0.25,0.0,0.0,0.0,0.0
9933,101318,muebles,sillas,2018-07-03,80,0.3,0.3,1008,3,0.89,0.0,0.0,0.0,0.0
9934,101318,muebles,sillas,2018-05-29,80,0.2,0.24,687,11,2.64,0.0,0.0,0.0,0.0
9935,101318,muebles,sillas,2018-07-12,80,0.3,0.27,1154,6,1.6,0.0,0.0,0.0,0.0
9936,101318,muebles,sillas,2018-06-15,80,0.3,0.22,714,3,0.66,0.0,0.0,0.0,0.0
9937,101318,muebles,sillas,2018-04-03,80,0.2,0.25,280,4,1.0,0.0,0.0,0.0,0.0
9938,101318,muebles,sillas,2018-06-11,80,0.3,0.3,746,5,1.48,0.0,0.0,0.0,0.0
9939,101318,muebles,sillas,2018-05-05,80,0.2,0.23,557,10,2.26,0.0,0.0,0.0,0.0
9940,101318,muebles,sillas,2018-04-08,80,0.2,0.25,218,2,0.5,0.0,0.0,0.0,0.0
9941,101318,muebles,sillas,2018-03-28,80,0.2,0.25,56,1,0.25,0.0,0.0,0.0,0.0
9942,101318,muebles,sillas,2018-07-27,80,0.3,0.32,2086,14,4.53,0.0,0.0,0.0,0.0
9943,101318,muebles,sillas,2018-03-29,80,0.2,0.24,127,2,0.47,0.0,0.0,0.0,0.0
9944,101318,muebles,sillas,2018-02-06,60,0.24,0.0,64,0,0.0,0.0,0.0,0.0,0.0
9945,101318,muebles,sillas,2018-04-22,80,0.2,0.2,414,5,1.0,0.0,0.0,0.0,0.0
9946,101318,muebles,sillas,2018-05-06,80,0.2,0.16,446,9,1.46,0.0,0.0,0.0,0.0
9947,101318,muebles,sillas,2018-05-01,80,0.2,0.23,883,11,2.53,0.0,1.0,0.0,0.0
9948,101318,muebles,sillas,2018-04-14,80,0.2,0.0,151,0,0.0,0.0,0.0,0.0,0.0
9949,101318,muebles,sillas,2018-04-15,80,0.2,0.25,83,3,0.75,0.0,1.0,0.0,0.0
9950,101318,muebles,sillas,2018-04-26,80,0.2,0.24,271,3,0.71,0.0,0.0,0.0,0.0
9951,101318,muebles,sillas,2018-02-28,80,0.24,0.0,55,0,0.0,0.0,0.0,0.0,0.0
9952,101318,muebles,sillas,2018-04-17,80,0.2,0.24,81,2,0.49,0.0,0.0,0.0,0.0
9953,101318,muebles,sillas,2018-04-30,80,0.2,0.22,382,3,0.65,0.0,0.0,0.0,0.0
9954,101318,muebles,sillas,2018-05-17,80,0.2,0.24,261,4,0.98,0.0,0.0,0.0,0.0
9955,101318,muebles,sillas,2018-03-27,80,0.2,0.25,30,1,0.25,0.0,0.0,0.0,0.0
9956,101318,muebles,sillas,2018-04-11,80,0.2,0.24,316,3,0.71,0.0,0.0,0.0,0.0
9957,101318,muebles,sillas,2018-05-28,80,0.2,0.23,720,3,0.7,0.0,0.0,0.0,0.0
9958,101318,muebles,sillas,2018-04-06,80,0.2,0.18,287,1,0.18,0.0,0.0,0.0,0.0
9959,101318,muebles,sillas,2018-04-24,80,0.2,0.24,267,4,0.97,0.0,0.0,0.0,0.0
9960,101318,muebles,sillas,2018-04-20,80,0.2,0.25,243,1,0.25,0.0,0.0,0.0,0.0
9961,101318,muebles,sillas,2018-05-07,80,0.2,0.22,398,3,0.65,0.0,0.0,0.0,0.0
9962,101318,muebles,sillas,2018-05-02,80,0.2,0.14,254,1,0.14,0.0,0.0,0.0,0.0
9963,101318,muebles,sillas,2018-04-21,80,0.2,0.25,335,1,0.25,0.0,0.0,0.0,0.0
9964,101318,muebles,sillas,2018-06-01,80,0.2,0.2,366,7,1.43,0.0,0.0,0.0,0.0
9965,101318,muebles,sillas,2018-06-06,80,0.3,0.2,847,2,0.39,0.0,0.0,0.0,0.0
9966,101318,muebles,sillas,2018-05-23,80,0.2,0.0,110,0,0.0,0.0,0.0,0.0,0.0
9967,101318,muebles,sillas,2018-03-31,80,0.2,0.23,242,3,0.68,0.0,0.0,0.0,0.0
9968,101318,muebles,sillas,2018-05-16,80,0.2,0.24,268,2,0.47,0.0,0.0,0.0,0.0
9969,101318,muebles,sillas,2018-06-04,80,0.2,0.26,733,5,1.28,0.0,0.0,0.0,0.0
9970,101318,muebles,sillas,2018-06-02,80,0.2,0.24,734,6,1.46,0.0,1.0,0.0,0.0
9971,101318,muebles,sillas,2018-12-13,80,0.3,0.37,3313,17,6.36,0.0,0.0,0.0,0.0
9972,101318,muebles,sillas,2018-12-03,80,0.3,0.41,2677,12,4.91,0.0,0.0,0.0,0.0
9973,101318,muebles,sillas,2018-11-21,80,0.3,0.61,4851,40,24.43,0.69,2.19,25.27,173.07
9974,101318,muebles,sillas,2018-12-17,80,0.3,0.35,4946,14,4.96,0.0,0.0,0.0,0.0
9975,101318,muebles,sillas,2019-01-13,80,0.4,0.44,6457,36,15.95,0.0,0.0,0.0,0.0
9976,101318,muebles,sillas,2018-12-06,80,0.3,0.43,2072,19,8.21,0.0,0.0,0.0,0.0
9977,101318,muebles,sillas,2018-12-18,80,0.3,0.42,3340,22,9.22,0.0,0.0,0.0,0.0
9978,101318,muebles,sillas,2019-01-09,80,0.3,0.42,5945,40,16.89,1.0,2.0,64.7,129.4
9979,101318,muebles,sillas,2018-11-12,80,0.3,0.37,4845,37,13.61,0.0,0.0,0.0,0.0
9980,101318,muebles,sillas,2018-12-08,80,0.3,0.37,2362,29,10.59,0.4,0.8,53.77,107.61
9981,101318,muebles,sillas,2018-11-30,80,0.3,0.41,1871,13,5.3,0.0,0.0,0.0,0.0
9982,101318,muebles,sillas,2018-12-24,80,0.3,0.4,2557,21,8.5,0.0,0.0,0.0,0.0
9983,101318,muebles,sillas,2018-10-17,80,0.3,0.36,3628,24,8.55,0.0,1.0,0.0,0.0
9984,101318,muebles,sillas,2018-12-12,80,0.3,0.39,2563,23,8.88,0.0,0.0,0.0,0.0
9985,101318,muebles,sillas,2018-12-19,80,0.3,0.38,3240,29,11.08,0.17,0.17,43.13,43.13
9986,101318,muebles,sillas,2018-10-12,80,0.3,0.32,2101,26,8.37,0.0,0.0,0.0,0.0
9987,101318,muebles,sillas,2019-01-31,80,0.4,0.3,5,1,0.3,0.0,0.0,0.0,0.0
9988,101318,muebles,sillas,2018-11-23,80,0.3,0.66,4474,26,17.13,1.0,2.0,66.7,133.4
9989,101318,muebles,sillas,2019-01-02,80,0.3,0.49,2422,11,5.42,0.0,0.0,0.0,0.0
9990,101318,muebles,sillas,2018-12-26,80,0.3,0.36,5654,26,9.49,0.0,0.0,0.0,0.0
9991,101318,muebles,sillas,2018-12-04,80,0.3,0.36,1668,16,5.8,0.0,0.0,0.0,0.0
9992,101318,muebles,sillas,2018-12-20,80,0.3,0.42,3453,21,8.77,0.0,0.0,0.0,0.0
9993,101318,muebles,sillas,2018-12-22,80,0.3,0.47,3652,23,10.84,0.0,0.0,0.0,0.0
9994,101318,muebles,sillas,2018-12-11,80,0.3,0.4,3352,22,8.81,0.0,0.0,0.0,0.0
9995,101318,muebles,sillas,2018-11-06,80,0.3,0.36,4489,30,10.87,0.0,3.0,0.0,0.0
9996,101318,muebles,sillas,2018-12-28,80,0.3,0.37,5163,37,13.77,0.0,0.0,0.0,0.0
9997,101318,muebles,sillas,2019-01-10,80,0.4,0.38,5601,32,12.0,0.65,1.13,63.84,78.15
9998,101318,muebles,sillas,2018-10-29,80,0.3,0.37,2983,17,6.36,0.12,0.12,3.24,3.24
9999,101318,muebles,sillas,2018-11-25,80,0.3,0.77,5855,56,42.97,0.0,0.0,0.0,0.0
10000,101318,muebles,sillas,2019-01-16,80,0.4,0.4,9275,59,23.58,1.82,3.27,437.03,780.6
10001,101318,muebles,sillas,2018-10-11,80,0.3,0.36,1503,12,4.33,0.0,1.0,0.0,0.0
10002,101318,muebles,sillas,2019-01-03,80,0.3,0.4,2435,21,8.47,1.0,2.5,110.6,369.4
10003,101318,muebles,sillas,2018-11-29,80,0.3,0.42,1852,6,2.53,0.0,0.0,0.0,0.0
10004,101318,muebles,sillas,2018-11-11,80,0.3,0.36,6988,53,19.21,0.0,0.0,0.0,0.0
10005,101318,muebles,sillas,2019-01-06,80,0.3,0.4,4748,31,12.26,0.0,0.0,0.0,0.0
10006,101318,muebles,sillas,2018-12-05,80,0.3,0.37,1665,7,2.61,0.0,0.0,0.0,0.0
10007,101318,muebles,sillas,2018-10-28,80,0.3,0.37,5417,36,13.32,0.62,0.71,156.09,183.57
10008,101318,muebles,sillas,2018-10-14,80,0.3,0.33,3859,26,8.57,0.0,1.0,0.0,0.0
10009,101318,muebles,sillas,2019-01-08,80,0.3,0.46,3925,38,17.37,0.0,0.0,0.0,0.0
10010,101318,muebles,sillas,2018-12-01,80,0.3,0.37,2201,17,6.34,0.0,0.0,0.0,0.0
10011,101318,muebles,sillas,2018-12-16,80,0.3,0.38,4384,30,11.52,0.0,0.0,0.0,0.0
10012,101318,muebles,sillas,2018-10-30,80,0.3,0.38,3106,23,8.7,0.0,0.0,0.0,0.0
10013,101318,muebles,sillas,2018-10-15,80,0.3,0.33,2972,34,11.25,0.25,2.25,6.48,6.48
10014,101318,muebles,sillas,2018-10-18,80,0.3,0.34,3428,22,7.49,0.0,2.0,0.0,0.0
10015,101318,muebles,sillas,2019-01-15,80,0.4,0.53,6644,44,23.31,0.0,0.0,0.0,0.0
10016,101318,muebles,sillas,2018-10-20,80,0.3,0.35,4031,27,9.51,0.0,0.0,0.0,0.0
10017,101318,muebles,sillas,2019-01-01,80,0.3,0.45,1878,10,4.52,0.0,0.0,0.0,0.0
10018,101318,muebles,sillas,2018-12-02,80,0.3,0.4,3270,12,4.75,0.0,0.0,0.0,0.0
10019,101318,muebles,sillas,2018-11-17,80,0.3,0.46,7063,53,24.4,0.0,0.0,0.0,0.0
10020,101318,muebles,sillas,2018-11-08,80,0.3,0.36,4464,21,7.65,0.0,1.0,0.0,0.0
10021,101318,muebles,sillas,2018-12-07,80,0.3,0.4,2365,14,5.53,0.0,0.0,0.0,0.0
10022,101318,muebles,sillas,2018-11-07,80,0.3,0.38,4676,23,8.68,0.0,1.0,0.0,0.0
10023,101318,muebles,sillas,2018-11-02,80,0.3,0.35,4156,36,12.64,0.52,1.99,115.42,188.07
10024,101318,muebles,sillas,2018-10-05,80,0.3,0.33,2436,21,6.99,0.0,1.0,0.0,0.0
10025,101318,muebles,sillas,2018-11-01,80,0.3,0.36,5034,32,11.58,0.33,2.35,71.9,103.48
10026,101318,muebles,sillas,2018-11-14,80,0.3,0.34,4268,34,11.64,0.2,0.6,77.65,232.96
10027,101318,muebles,sillas,2018-10-13,80,0.3,0.34,3033,27,9.12,0.17,0.17,35.95,35.95
10028,101318,muebles,sillas,2018-11-05,80,0.3,0.34,5169,37,12.76,0.09,1.13,6.54,15.69
10029,101318,muebles,sillas,2018-12-31,80,0.3,0.36,3033,25,8.98,0.0,0.0,0.0,0.0
10030,101318,muebles,sillas,2018-10-16,80,0.3,0.37,3465,18,6.74,0.0,1.0,0.0,0.0
10031,101318,muebles,sillas,2018-11-16,80,0.3,0.44,6020,37,16.28,0.0,0.0,0.0,0.0
10032,101318,muebles,sillas,2018-10-24,80,0.3,0.36,3095,27,9.63,0.0,0.0,0.0,0.0
10033,101318,muebles,sillas,2019-01-10,80,0.3,0.53,1812,13,6.87,0.0,0.0,0.0,0.0
10034,101318,muebles,sillas,2018-10-10,80,0.3,0.36,1808,6,2.18,0.0,0.0,0.0,0.0
10035,101318,muebles,sillas,2018-11-18,80,0.3,0.44,10287,64,28.37,0.0,0.0,0.0,0.0
10036,101318,muebles,sillas,2018-12-10,80,0.3,0.42,2256,19,7.9,0.0,0.0,0.0,0.0
10037,101318,muebles,sillas,2019-01-11,80,0.4,0.43,5829,50,21.56,0.0,0.0,0.0,0.0
10038,101318,muebles,sillas,2018-10-09,80,0.3,0.32,2665,14,4.5,0.0,0.0,0.0,0.0
10039,101318,muebles,sillas,2018-10-07,80,0.3,0.34,3827,30,10.26,0.0,1.0,0.0,0.0
10040,101318,muebles,sillas,2018-12-25,80,0.3,0.4,5371,27,10.86,1.0,2.0,143.8,287.6
10041,101318,muebles,sillas,2019-01-12,80,0.4,0.36,5563,29,10.4,1.37,2.57,228.17,413.21
10042,101318,muebles,sillas,2018-12-27,80,0.3,0.37,5428,33,12.35,0.17,0.17,43.13,43.13
10043,101318,muebles,sillas,2018-12-30,80,0.3,0.42,6245,39,16.51,0.0,0.0,0.0,0.0
10044,101318,muebles,sillas,2018-11-27,80,0.3,0.51,1234,10,5.09,0.0,0.0,0.0,0.0
10045,101318,muebles,sillas,2018-10-03,80,0.3,0.37,1563,11,4.05,0.0,0.0,0.0,0.0
10046,101318,muebles,sillas,2018-10-31,80,0.3,0.36,3095,16,5.74,0.0,0.0,0.0,0.0
10047,101318,muebles,sillas,2018-11-26,80,0.3,0.64,5462,24,15.44,0.33,0.53,215.67,345.07
10048,101318,muebles,sillas,2018-11-22,80,0.3,0.56,4808,32,17.98,0.33,0.73,215.67,474.47
10049,101318,muebles,sillas,2019-01-14,80,0.4,0.44,6734,44,19.36,0.2,0.2,50.32,50.32
10050,101318,muebles,sillas,2018-11-15,80,0.3,0.43,5630,39,16.73,0.38,0.86,37.37,74.76
10051,101318,muebles,sillas,2018-11-19,80,0.3,0.44,7487,56,24.58,1.0,2.0,431.4,819.6
10052,101318,muebles,sillas,2019-01-04,80,0.3,0.37,2570,16,5.98,0.0,0.0,0.0,0.0
10053,101318,muebles,sillas,2018-10-06,80,0.3,0.35,3628,21,7.32,0.0,0.0,0.0,0.0
10054,101318,muebles,sillas,2018-12-14,80,0.3,0.36,2874,28,10.03,0.0,0.0,0.0,0.0
10055,101318,muebles,sillas,2018-11-13,80,0.3,0.35,5101,30,10.55,0.0,0.0,0.0,0.0
10056,101318,muebles,sillas,2018-12-15,80,0.3,0.39,3736,26,10.08,0.0,0.0,0.0,0.0
10057,101318,muebles,sillas,2018-11-03,80,0.3,0.36,5380,42,15.12,0.09,4.11,6.54,8.13
10058,101318,muebles,sillas,2018-10-25,80,0.3,0.36,3207,23,8.28,0.0,0.0,0.0,0.0
10059,101318,muebles,sillas,2018-10-22,80,0.3,0.35,3175,24,8.29,0.0,1.0,0.0,0.0
10060,101318,muebles,sillas,2018-12-09,80,0.3,0.36,2563,18,6.51,0.0,0.0,0.0,0.0
10061,101318,muebles,sillas,2018-10-23,80,0.3,0.35,3436,24,8.48,0.0,2.0,0.0,0.0
10062,101318,muebles,sillas,2018-11-28,80,0.3,0.5,560,5,2.52,0.0,0.0,0.0,0.0
10063,101318,muebles,sillas,2019-01-05,80,0.3,0.37,2490,18,6.65,0.0,0.0,0.0,0.0
10064,101318,muebles,sillas,2018-11-10,80,0.3,0.37,5712,33,12.14,0.0,0.0,0.0,0.0
10065,101318,muebles,sillas,2018-10-04,80,0.3,0.35,1865,13,4.58,0.0,0.0,0.0,0.0
10066,101318,muebles,sillas,2018-11-09,80,0.3,0.37,4373,22,8.06,0.0,0.0,0.0,0.0
10067,101318,muebles,sillas,2019-01-17,80,0.4,0.42,2465,13,5.41,0.0,0.0,0.0,0.0
10068,101318,muebles,sillas,2018-11-24,80,0.3,0.66,5036,28,18.57,0.0,0.0,0.0,0.0
10069,101318,muebles,sillas,2019-01-07,80,0.3,0.37,5910,43,15.88,0.0,0.0,0.0,0.0
10070,101318,muebles,sillas,2018-10-01,80,0.3,0.34,1397,14,4.76,0.0,0.0,0.0,0.0
10071,101318,muebles,sillas,2018-12-29,80,0.3,0.38,6054,40,15.21,1.14,2.18,139.04,271.43
10072,101318,muebles,sillas,2018-12-23,80,0.3,0.39,4895,28,11.04,0.0,0.0,0.0,0.0
10073,101318,muebles,sillas,2018-10-27,80,0.3,0.35,4006,32,11.06,0.09,1.11,6.54,8.13
10074,101318,muebles,sillas,2018-11-04,80,0.3,0.33,7094,48,16.04,1.0,4.0,57.9,115.8
10075,101318,muebles,sillas,2018-10-21,80,0.3,0.38,4250,17,6.5,0.0,0.0,0.0,0.0
10076,101318,muebles,sillas,2018-10-02,80,0.3,0.35,1512,7,2.45,0.0,1.0,0.0,0.0
10077,101318,muebles,sillas,2018-11-20,80,0.3,0.51,5278,30,15.18,0.0,0.0,0.0,0.0
10078,101318,muebles,sillas,2018-12-21,80,0.3,0.38,3101,13,4.97,0.0,0.0,0.0,0.0
10079,101318,muebles,sillas,2018-10-26,80,0.3,0.37,3011,11,4.06,0.17,1.17,35.95,35.95
10080,101318,muebles,sillas,2018-10-19,80,0.3,0.37,3448,13,4.81,0.0,0.0,0.0,0.0
10081,101318,muebles,sillas,2018-10-08,80,0.3,0.35,2230,17,5.95,0.0,0.0,0.0,0.0
