,Reference,CatN1,CatN2,Date,Cat_Price,CPC_max,CPC_medio,Impressions,Clics,Cost,Conversions,All_Conversions,Ads_Income,Ads_Income_All
2685,64534,muebles,mueble auxiliar,2017-10-17,300,0.23,0.0,5,0,0.0,0.0,0.0,0.0,0.0
2686,64534,muebles,mueble auxiliar,2017-10-19,300,0.23,0.0,4,0,0.0,0.0,0.0,0.0,0.0
2687,64534,muebles,mueble auxiliar,2017-10-22,300,0.23,0.0,4,0,0.0,0.0,0.0,0.0,0.0
2688,64534,muebles,cómodas,2018-01-26,300,0.23,0.22,148,10,2.19,0.0,0.0,0.0,0.0
2689,64534,muebles,mueble auxiliar,2017-10-09,300,0.23,0.0,7,0,0.0,0.0,0.0,0.0,0.0
2690,64534,muebles,mueble auxiliar,2017-11-06,300,0.23,0.0,20,0,0.0,0.0,0.0,0.0,0.0
2691,64534,muebles,mueble auxiliar,2017-11-17,300,0.23,0.01,19,1,0.01,0.0,0.0,0.0,0.0
2692,64534,muebles,mueble auxiliar,2017-11-13,300,0.23,0.0,10,0,0.0,0.0,0.0,0.0,0.0
2693,64534,muebles,mueble auxiliar,2017-11-26,200,0.23,0.14,119,5,0.7,0.0,0.0,0.0,0.0
2694,64534,muebles,mueble auxiliar,2017-11-27,200,0.23,0.11,16,1,0.11,0.0,0.0,0.0,0.0
2695,64534,muebles,mueble auxiliar,2017-10-12,300,0.23,0.0,16,0,0.0,0.0,0.0,0.0,0.0
2696,64534,muebles,mueble auxiliar,2017-11-26,300,0.23,0.0,2,0,0.0,0.0,0.0,0.0,0.0
2697,64534,muebles,mueble auxiliar,2017-10-06,300,0.23,0.0,4,0,0.0,0.0,0.0,0.0,0.0
2698,64534,muebles,mueble auxiliar,2017-11-21,300,0.23,0.0,7,0,0.0,0.0,0.0,0.0,0.0
2699,64534,muebles,mueble auxiliar,2017-11-16,300,0.23,0.0,11,0,0.0,0.0,0.0,0.0,0.0
2700,64534,muebles,mueble auxiliar,2017-11-10,300,0.23,0.0,13,0,0.0,0.0,0.0,0.0,0.0
2701,64534,muebles,cómodas,2018-01-23,10,0.23,0.14,77,3,0.41,0.0,0.0,0.0,0.0
2702,64534,muebles,cómodas,2018-01-31,300,0.23,0.13,184,3,0.39,0.0,0.0,0.0,0.0
2703,64534,muebles,cómodas,2018-01-23,300,0.23,0.0,22,0,0.0,0.0,0.0,0.0,0.0
2704,64534,muebles,mueble auxiliar,2017-11-19,300,0.23,0.04,27,1,0.04,0.0,0.0,0.0,0.0
2705,64534,muebles,mueble auxiliar,2017-10-18,300,0.23,0.0,4,0,0.0,0.0,0.0,0.0,0.0
2706,64534,muebles,mueble auxiliar,2017-11-03,300,0.23,0.0,10,0,0.0,0.0,0.0,0.0,0.0
2707,64534,muebles,mueble auxiliar,2018-01-19,300,0.23,0.0,3,0,0.0,0.0,0.0,0.0,0.0
2708,64534,muebles,mueble auxiliar,2017-10-04,300,0.23,0.0,1,0,0.0,0.0,0.0,0.0,0.0
2709,64534,muebles,cómodas,2018-01-22,300,0.23,0.11,78,5,0.56,0.0,0.0,0.0,0.0
2710,64534,muebles,mueble auxiliar,2017-11-07,300,0.23,0.02,14,1,0.02,0.0,0.0,0.0,0.0
2711,64534,muebles,mueble auxiliar,2017-10-08,300,0.23,0.0,5,0,0.0,0.0,0.0,0.0,0.0
2712,64534,muebles,mueble auxiliar,2017-10-21,300,0.23,0.0,4,0,0.0,0.0,0.0,0.0,0.0
2713,64534,muebles,mueble auxiliar,2017-11-23,300,0.23,0.0,5,0,0.0,0.0,0.0,0.0,0.0
2714,64534,muebles,cómodas,2018-01-24,10,0.23,0.0,9,0,0.0,0.0,0.0,0.0,0.0
2715,64534,muebles,mueble auxiliar,2017-11-15,300,0.23,0.0,12,0,0.0,0.0,0.0,0.0,0.0
2716,64534,muebles,mueble auxiliar,2017-11-11,300,0.23,0.0,16,0,0.0,0.0,0.0,0.0,0.0
2717,64534,muebles,mueble auxiliar,2017-11-29,200,0.23,0.0,13,0,0.0,0.0,0.0,0.0,0.0
2718,64534,muebles,cómodas,2018-01-27,300,0.23,0.22,321,9,1.94,0.0,0.0,0.0,0.0
2719,64534,muebles,cómodas,2018-01-28,300,0.23,0.25,272,6,1.49,0.0,0.0,0.0,0.0
2720,64534,muebles,mueble auxiliar,2017-10-02,300,0.23,0.01,8,1,0.01,0.0,0.0,0.0,0.0
2721,64534,muebles,mueble auxiliar,2017-10-25,300,0.23,0.0,1,0,0.0,0.0,0.0,0.0,0.0
2722,64534,muebles,mueble auxiliar,2017-11-22,300,0.23,0.0,1,0,0.0,0.0,0.0,0.0,0.0
2723,64534,muebles,mueble auxiliar,2018-01-14,300,0.23,0.0,4,0,0.0,0.0,0.0,0.0,0.0
2724,64534,muebles,cómodas,2018-02-02,300,0.23,0.29,199,3,0.86,0.0,0.0,0.0,0.0
2725,64534,muebles,mueble auxiliar,2017-10-30,300,0.23,0.0,4,0,0.0,0.0,0.0,0.0,0.0
2726,64534,muebles,mueble auxiliar,2017-11-04,300,0.23,0.0,15,0,0.0,0.0,0.0,0.0,0.0
2727,64534,muebles,mueble auxiliar,2017-10-14,300,0.23,0.01,10,1,0.01,0.0,0.0,0.0,0.0
2728,64534,muebles,mueble auxiliar,2017-11-09,300,0.23,0.0,29,0,0.0,0.0,0.0,0.0,0.0
2729,64534,muebles,mueble auxiliar,2017-11-24,300,0.23,0.0,8,0,0.0,0.0,0.0,0.0,0.0
2730,64534,muebles,cómodas,2018-02-03,300,0.23,0.26,274,5,1.28,0.0,0.0,0.0,0.0
2731,64534,muebles,mueble auxiliar,2017-11-08,300,0.23,0.0,16,0,0.0,0.0,0.0,0.0,0.0
2732,64534,muebles,cómodas,2018-01-25,300,0.23,0.18,140,4,0.73,0.0,0.0,0.0,0.0
2733,64534,muebles,mueble auxiliar,2018-01-18,300,0.23,0.0,3,0,0.0,0.0,0.0,0.0,0.0
2734,64534,muebles,mueble auxiliar,2018-01-17,300,0.23,0.0,1,0,0.0,0.0,0.0,0.0,0.0
2735,64534,muebles,mueble auxiliar,2017-10-15,300,0.23,0.0,8,0,0.0,0.0,0.0,0.0,0.0
2736,64534,muebles,mueble auxiliar,2017-10-11,300,0.23,0.0,7,0,0.0,0.0,0.0,0.0,0.0
2737,64534,muebles,mueble auxiliar,2017-10-05,300,0.23,0.0,3,0,0.0,0.0,0.0,0.0,0.0
2738,64534,muebles,mueble auxiliar,2017-10-03,300,0.23,0.0,5,0,0.0,0.0,0.0,0.0,0.0
2739,64534,muebles,mueble auxiliar,2017-11-25,300,0.23,0.0,4,0,0.0,0.0,0.0,0.0,0.0
2740,64534,muebles,mueble auxiliar,2018-01-20,300,0.23,0.0,6,0,0.0,0.0,0.0,0.0,0.0
2741,64534,muebles,mueble auxiliar,2017-10-13,300,0.23,0.0,5,0,0.0,0.0,0.0,0.0,0.0
2742,64534,muebles,cómodas,2018-02-01,300,0.23,0.24,211,4,0.96,0.0,0.0,0.0,0.0
2743,64534,muebles,mueble auxiliar,2017-10-26,300,0.23,0.0,7,0,0.0,0.0,0.0,0.0,0.0
2744,64534,muebles,mueble auxiliar,2017-11-02,300,0.23,0.0,11,0,0.0,0.0,0.0,0.0,0.0
2745,64534,muebles,mueble auxiliar,2017-11-01,300,0.23,0.0,21,0,0.0,0.0,0.0,0.0,0.0
2746,64534,muebles,mueble auxiliar,2018-01-13,300,0.23,0.03,3,1,0.03,0.0,0.0,0.0,0.0
2747,64534,muebles,mueble auxiliar,2017-10-16,300,0.23,0.0,7,0,0.0,0.0,0.0,0.0,0.0
2748,64534,muebles,mueble auxiliar,2018-01-11,300,0.23,0.0,1,0,0.0,0.0,0.0,0.0,0.0
2749,64534,muebles,mueble auxiliar,2017-10-31,300,0.23,0.0,11,0,0.0,0.0,0.0,0.0,0.0
2750,64534,muebles,mueble auxiliar,2017-11-18,300,0.23,0.0,14,0,0.0,0.0,0.0,0.0,0.0
2751,64534,muebles,mueble auxiliar,2018-01-16,300,0.23,0.0,2,0,0.0,0.0,0.0,0.0,0.0
2752,64534,muebles,cómodas,2018-02-04,300,0.15,0.0,7,0,0.0,0.0,0.0,0.0,0.0
2753,64534,muebles,mueble auxiliar,2017-10-07,300,0.23,0.0,8,0,0.0,0.0,0.0,0.0,0.0
2754,64534,muebles,mueble auxiliar,2018-01-15,300,0.23,0.0,8,0,0.0,0.0,0.0,0.0,0.0
2755,64534,muebles,mueble auxiliar,2018-01-22,300,0.23,0.0,1,0,0.0,0.0,0.0,0.0,0.0
2756,64534,muebles,cómodas,2018-02-04,300,0.23,0.25,209,5,1.24,0.0,0.0,0.0,0.0
2757,64534,muebles,cómodas,2018-01-29,300,0.23,0.23,246,5,1.15,0.0,0.0,0.0,0.0
2758,64534,muebles,mueble auxiliar,2017-10-29,300,0.23,0.0,7,0,0.0,0.0,0.0,0.0,0.0
2759,64534,muebles,mueble auxiliar,2017-10-24,300,0.23,0.0,0,0,0.0,0.0,0.0,0.0,0.0
2760,64534,muebles,cómodas,2018-01-30,300,0.23,0.3,236,5,1.5,0.0,0.0,0.0,0.0
2761,64534,muebles,cómodas,2018-01-24,300,0.23,0.23,123,10,2.27,0.0,0.0,0.0,0.0
2762,64534,muebles,mueble auxiliar,2017-10-20,300,0.23,0.0,5,0,0.0,0.0,0.0,0.0,0.0
2763,64534,muebles,mueble auxiliar,2017-10-27,300,0.23,0.0,6,0,0.0,0.0,0.0,0.0,0.0
2764,64534,muebles,mueble auxiliar,2017-11-05,300,0.23,0.0,18,0,0.0,0.0,0.0,0.0,0.0
2765,64534,muebles,mueble auxiliar,2017-11-20,300,0.23,0.0,11,0,0.0,0.0,0.0,0.0,0.0
2766,64534,muebles,mueble auxiliar,2017-11-12,300,0.23,0.01,22,1,0.01,0.0,0.0,0.0,0.0
2767,64534,muebles,mueble auxiliar,2017-11-14,300,0.23,0.0,13,0,0.0,0.0,0.0,0.0,0.0
2768,64534,muebles,mueble auxiliar,2018-01-21,300,0.23,0.0,4,0,0.0,0.0,0.0,0.0,0.0
2769,64534,muebles,mueble auxiliar,2017-10-23,300,0.23,0.02,12,2,0.04,0.0,0.0,0.0,0.0
2770,64534,muebles,mueble auxiliar,2017-10-28,300,0.23,0.01,6,1,0.01,0.0,0.0,0.0,0.0
2771,64534,muebles,mueble auxiliar,2017-11-28,200,0.23,0.0,22,0,0.0,0.0,0.0,0.0,0.0
2772,64534,muebles,cómodas,2018-06-24,300,0.3,0.08,260,4,0.34,0.0,0.0,0.0,0.0
2773,64534,muebles,cómodas,2018-08-03,300,0.3,0.06,266,2,0.12,0.0,0.0,0.0,0.0
2774,64534,muebles,cómodas,2018-03-31,300,0.16,0.35,474,6,2.08,0.0,0.0,0.0,0.0
2775,64534,muebles,cómodas,2018-09-07,300,0.21,0.24,5101,52,12.26,0.0,2.0,0.0,0.0
2776,64534,muebles,cómodas,2018-05-15,300,0.16,0.33,1787,12,3.93,0.0,1.0,0.0,0.0
2777,64534,muebles,cómodas,2018-05-29,300,0.02,0.0,9,0,0.0,0.0,0.0,0.0,0.0
2778,64534,muebles,cómodas,2018-05-24,300,0.02,0.0,1,0,0.0,0.0,0.0,0.0,0.0
2779,64534,muebles,cómodas,2018-05-03,300,0.16,0.27,3317,31,8.33,0.0,0.0,0.0,0.0
2780,64534,muebles,cómodas,2018-09-18,300,0.21,0.28,10772,79,21.8,0.0,0.0,0.0,0.0
2781,64534,muebles,cómodas,2018-02-13,200,0.23,0.18,480,4,0.7,0.0,0.0,0.0,0.0
2782,64534,muebles,cómodas,2018-07-17,300,0.3,0.15,617,9,1.38,0.0,0.0,0.0,0.0
2783,64534,muebles,cómodas,2018-04-11,300,0.16,0.22,645,5,1.09,0.0,0.0,0.0,0.0
2784,64534,muebles,cómodas,2018-04-16,300,0.16,0.3,741,7,2.11,0.0,0.0,0.0,0.0
2785,64534,muebles,cómodas,2018-07-10,300,0.3,0.08,364,3,0.24,0.0,0.0,0.0,0.0
2786,64534,muebles,cómodas,2018-05-30,300,0.3,0.03,152,3,0.09,0.0,0.0,0.0,0.0
2787,64534,muebles,cómodas,2018-04-05,300,0.16,0.27,1762,15,3.98,0.0,0.0,0.0,0.0
2788,64534,muebles,cómodas,2018-04-03,300,0.16,0.25,1109,14,3.46,1.0,1.0,49.9,49.9
2789,64534,muebles,cómodas,2018-07-15,300,0.3,0.08,506,7,0.57,0.0,0.0,0.0,0.0
2790,64534,muebles,cómodas,2018-06-01,300,0.3,0.01,71,1,0.01,0.14,0.14,36.0,36.0
2791,64534,muebles,cómodas,2018-04-10,300,0.16,0.29,712,6,1.75,0.0,0.0,0.0,0.0
2792,64534,muebles,cómodas,2018-07-13,300,0.3,0.08,361,5,0.42,0.0,0.0,0.0,0.0
2793,64534,muebles,cómodas,2018-04-01,300,0.16,0.29,446,9,2.58,0.0,0.0,0.0,0.0
2794,64534,muebles,cómodas,2018-03-14,300,0.23,0.26,1241,21,5.48,0.0,0.0,0.0,0.0
2795,64534,muebles,cómodas,2018-05-28,300,0.16,0.31,3762,37,11.57,0.0,0.0,0.0,0.0
2796,64534,muebles,cómodas,2018-07-20,300,0.21,0.21,158,1,0.21,0.0,0.0,0.0,0.0
2797,64534,muebles,cómodas,2018-05-27,300,0.16,0.3,2616,37,11.24,0.0,0.0,0.0,0.0
2798,64534,muebles,cómodas,2018-07-16,300,0.3,0.12,419,4,0.48,0.0,0.0,0.0,0.0
2799,64534,muebles,cómodas,2018-09-19,300,0.21,0.24,8620,84,20.25,0.0,1.0,0.0,0.0
2800,64534,muebles,cómodas,2018-06-23,300,0.3,0.02,169,1,0.02,0.0,0.0,0.0,0.0
2801,64534,muebles,cómodas,2018-09-26,300,0.2,0.0,7,0,0.0,0.0,0.0,0.0,0.0
2802,64534,muebles,cómodas,2018-03-26,300,0.16,0.3,1263,12,3.63,0.0,0.0,0.0,0.0
2803,64534,muebles,cómodas,2018-06-19,300,0.3,0.07,206,2,0.14,0.0,0.0,0.0,0.0
2804,64534,muebles,cómodas,2018-02-16,200,0.23,0.31,85,1,0.31,0.0,0.0,0.0,0.0
2805,64534,muebles,cómodas,2018-03-01,300,0.23,0.27,1122,15,4.02,0.0,0.0,0.0,0.0
2806,64534,muebles,cómodas,2018-03-06,300,0.23,0.27,1801,27,7.26,0.0,0.0,0.0,0.0
2807,64534,muebles,cómodas,2018-09-16,300,0.21,0.26,4843,58,14.86,0.0,1.0,0.0,0.0
2808,64534,muebles,cómodas,2018-05-21,300,0.16,0.3,4049,47,14.33,0.0,1.0,0.0,0.0
2809,64534,muebles,cómodas,2018-05-12,300,0.16,0.31,1230,21,6.43,0.0,0.0,0.0,0.0
2810,64534,muebles,cómodas,2018-07-23,300,0.21,0.0,129,0,0.0,0.0,0.0,0.0,0.0
2811,64534,muebles,cómodas,2018-02-19,300,0.23,0.33,1445,29,9.44,0.0,1.0,0.0,0.0
2812,64534,muebles,cómodas,2018-02-16,300,0.23,0.26,323,14,3.62,0.0,0.0,0.0,0.0
2813,64534,muebles,cómodas,2018-09-05,300,0.21,0.23,4930,46,10.72,0.0,0.0,0.0,0.0
2814,64534,muebles,cómodas,2018-09-24,300,0.21,0.22,9792,72,16.09,0.0,1.0,0.0,0.0
2815,64534,muebles,cómodas,2018-07-28,300,0.3,0.12,297,3,0.35,0.0,0.0,0.0,0.0
2816,64534,muebles,cómodas,2018-05-29,300,0.3,0.09,85,4,0.35,0.0,0.0,0.0,0.0
2817,64534,muebles,cómodas,2018-09-23,300,0.21,0.24,14029,107,25.64,0.0,3.0,0.0,0.0
2818,64534,muebles,cómodas,2018-03-30,300,0.16,0.32,3365,27,8.77,0.0,2.0,0.0,0.0
2819,64534,muebles,cómodas,2018-08-05,300,0.3,0.08,219,3,0.24,0.0,0.0,0.0,0.0
2820,64534,muebles,cómodas,2018-06-25,300,0.3,0.1,172,2,0.2,0.0,0.0,0.0,0.0
2821,64534,muebles,cómodas,2018-06-18,300,0.3,0.0,250,0,0.0,0.0,0.0,0.0,0.0
2822,64534,muebles,cómodas,2018-04-29,300,0.16,0.31,2327,26,8.02,0.0,0.0,0.0,0.0
2823,64534,muebles,cómodas,2018-07-18,300,0.3,0.06,425,9,0.51,0.0,0.0,0.0,0.0
2824,64534,muebles,cómodas,2018-02-11,200,0.23,0.32,346,5,1.62,0.0,0.0,0.0,0.0
2825,64534,muebles,cómodas,2018-09-25,300,0.21,0.24,8352,65,15.51,0.0,1.0,0.0,0.0
2826,64534,muebles,cómodas,2018-06-03,300,0.3,0.0,137,0,0.0,0.0,0.0,0.0,0.0
2827,64534,muebles,cómodas,2018-03-16,300,0.23,0.27,1263,17,4.52,0.0,0.0,0.0,0.0
2828,64534,muebles,cómodas,2018-02-10,200,0.23,0.23,373,6,1.38,0.0,0.0,0.0,0.0
2829,64534,muebles,cómodas,2018-04-02,300,0.16,0.26,627,10,2.6,0.0,0.0,0.0,0.0
2830,64534,muebles,cómodas,2018-03-07,300,0.23,0.25,1612,19,4.72,0.0,0.0,0.0,0.0
2831,64534,muebles,cómodas,2018-09-28,300,0.21,0.2,4380,26,5.17,0.0,0.0,0.0,0.0
2832,64534,muebles,cómodas,2018-04-20,300,0.16,0.33,962,7,2.32,1.0,2.0,310.5,310.5
2833,64534,muebles,cómodas,2018-03-28,300,0.16,0.28,1028,7,1.93,0.0,0.0,0.0,0.0
2834,64534,muebles,cómodas,2018-08-30,300,0.21,0.25,5798,49,12.12,0.0,3.0,0.0,0.0
2835,64534,muebles,cómodas,2018-03-22,300,0.23,0.26,952,7,1.79,0.0,0.0,0.0,0.0
2836,64534,muebles,cómodas,2018-05-19,300,0.16,0.32,3216,34,10.88,0.0,1.0,0.0,0.0
2837,64534,muebles,cómodas,2018-09-11,300,0.21,0.24,8010,56,13.29,0.26,7.26,27.75,27.75
2838,64534,muebles,cómodas,2018-07-09,300,0.3,0.09,385,5,0.44,0.0,0.0,0.0,0.0
2839,64534,muebles,cómodas,2018-08-09,300,0.3,0.13,551,4,0.52,0.0,0.0,0.0,0.0
2840,64534,muebles,cómodas,2018-06-21,300,0.3,0.1,196,5,0.49,0.0,0.0,0.0,0.0
2841,64534,muebles,cómodas,2018-07-01,300,0.3,0.05,530,5,0.26,0.0,0.0,0.0,0.0
2842,64534,muebles,cómodas,2018-05-18,300,0.16,0.31,3243,39,12.11,0.0,0.0,0.0,0.0
2843,64534,muebles,cómodas,2018-09-20,300,0.21,0.23,7909,80,18.36,0.0,1.0,0.0,0.0
2844,64534,muebles,cómodas,2018-02-26,300,0.23,0.27,1078,23,6.14,0.0,0.0,0.0,0.0
2845,64534,muebles,cómodas,2018-07-23,300,0.3,0.02,464,2,0.04,0.0,0.0,0.0,0.0
2846,64534,muebles,cómodas,2018-04-14,300,0.16,0.35,438,5,1.76,0.0,0.0,0.0,0.0
2847,64534,muebles,cómodas,2018-02-22,300,0.23,0.29,836,6,1.76,0.0,0.0,0.0,0.0
2848,64534,muebles,cómodas,2018-05-26,300,0.02,0.0,17,0,0.0,0.0,0.0,0.0,0.0
2849,64534,muebles,cómodas,2018-07-06,300,0.3,0.07,334,2,0.14,0.0,1.0,0.0,0.0
2850,64534,muebles,cómodas,2018-05-04,300,0.16,0.29,2063,14,4.08,0.0,1.0,0.0,0.0
2851,64534,muebles,cómodas,2018-05-01,300,0.16,0.28,2752,23,6.52,0.0,0.0,0.0,0.0
2852,64534,muebles,cómodas,2018-04-21,300,0.16,0.31,602,7,2.17,0.0,0.0,0.0,0.0
2853,64534,muebles,cómodas,2018-04-23,300,0.16,0.35,544,3,1.05,0.0,0.0,0.0,0.0
2854,64534,muebles,cómodas,2018-06-02,300,0.3,0.1,115,1,0.1,0.0,0.0,0.0,0.0
2855,64534,muebles,cómodas,2018-04-06,300,0.16,0.3,1066,7,2.12,0.0,1.0,0.0,0.0
2856,64534,muebles,cómodas,2018-04-22,300,0.16,0.33,420,3,1.0,0.0,1.0,0.0,0.0
2857,64534,muebles,cómodas,2018-06-30,300,0.3,0.09,400,9,0.85,0.0,0.0,0.0,0.0
2858,64534,muebles,cómodas,2018-03-22,300,0.16,0.29,1405,9,2.61,0.0,0.0,0.0,0.0
2859,64534,muebles,cómodas,2018-04-08,300,0.16,0.33,439,5,1.67,0.0,0.0,0.0,0.0
2860,64534,muebles,cómodas,2018-04-15,300,0.16,0.31,459,10,3.09,0.0,0.0,0.0,0.0
2861,64534,muebles,cómodas,2018-03-21,300,0.23,0.28,1214,14,3.85,0.0,0.0,0.0,0.0
2862,64534,muebles,cómodas,2018-03-20,300,0.23,0.25,1712,16,3.95,0.0,0.0,0.0,0.0
2863,64534,muebles,cómodas,2018-08-23,300,0.21,0.24,6544,45,10.61,0.0,0.0,0.0,0.0
2864,64534,muebles,cómodas,2018-02-08,200,0.23,0.35,254,5,1.74,0.0,0.0,0.0,0.0
2865,64534,muebles,cómodas,2018-05-25,300,0.16,0.31,4128,43,13.21,0.0,1.0,0.0,0.0
2866,64534,muebles,cómodas,2018-07-07,300,0.3,0.1,396,3,0.3,0.0,0.0,0.0,0.0
2867,64534,muebles,cómodas,2018-09-03,300,0.21,0.24,5976,49,11.7,0.0,0.0,0.0,0.0
2868,64534,muebles,cómodas,2018-04-30,300,0.16,0.29,2138,28,8.22,0.0,0.0,0.0,0.0
2869,64534,muebles,cómodas,2018-03-04,300,0.23,0.25,2388,33,8.26,0.0,0.0,0.0,0.0
2870,64534,muebles,cómodas,2018-09-06,300,0.21,0.24,5994,42,10.16,0.0,0.0,0.0,0.0
2871,64534,muebles,cómodas,2018-08-26,300,0.21,0.22,5396,48,10.54,0.0,0.0,0.0,0.0
2872,64534,muebles,cómodas,2018-02-21,300,0.23,0.34,1163,14,4.72,0.0,0.0,0.0,0.0
2873,64534,muebles,cómodas,2018-08-29,300,0.21,0.25,5508,56,13.94,0.0,0.0,0.0,0.0
2874,64534,muebles,cómodas,2018-06-20,300,0.3,0.0,204,0,0.0,0.0,0.0,0.0,0.0
2875,64534,muebles,cómodas,2018-05-17,300,0.16,0.28,2732,33,9.3,0.0,0.0,0.0,0.0
2876,64534,muebles,cómodas,2018-05-10,300,0.16,0.28,1929,16,4.42,0.0,0.0,0.0,0.0
2877,64534,muebles,cómodas,2018-05-07,300,0.16,0.3,2099,16,4.77,0.0,0.0,0.0,0.0
2878,64534,muebles,cómodas,2018-07-18,300,0.21,0.18,377,4,0.73,0.0,0.0,0.0,0.0
2879,64534,muebles,cómodas,2018-03-08,300,0.23,0.25,1257,7,1.72,0.0,0.0,0.0,0.0
2880,64534,muebles,cómodas,2018-08-20,300,0.21,0.23,6720,46,10.51,0.0,2.0,0.0,0.0
2881,64534,muebles,cómodas,2018-05-23,300,0.16,0.29,2757,27,7.92,0.0,0.0,0.0,0.0
2882,64534,muebles,cómodas,2018-07-22,300,0.21,0.0,131,0,0.0,0.0,0.0,0.0,0.0
2883,64534,muebles,cómodas,2018-06-10,300,0.3,0.06,350,5,0.31,0.0,0.0,0.0,0.0
2884,64534,muebles,cómodas,2018-09-26,300,0.21,0.22,7758,66,14.55,0.0,1.0,0.0,0.0
2885,64534,muebles,cómodas,2018-08-31,300,0.21,0.21,6248,47,10.09,0.0,1.0,0.0,0.0
2886,64534,muebles,cómodas,2018-09-02,300,0.21,0.22,6106,49,10.84,0.0,1.0,0.0,0.0
2887,64534,muebles,cómodas,2018-06-07,300,0.3,0.04,281,1,0.04,0.0,0.0,0.0,0.0
2888,64534,muebles,cómodas,2018-09-21,300,0.21,0.23,10098,80,18.46,0.0,0.0,0.0,0.0
2889,64534,muebles,cómodas,2018-09-15,300,0.21,0.25,5495,59,14.65,0.0,0.0,0.0,0.0
2890,64534,muebles,cómodas,2018-08-19,300,0.21,0.27,4572,42,11.41,1.0,5.0,198.0,198.0
2891,64534,muebles,cómodas,2018-04-18,300,0.16,0.32,588,6,1.92,0.0,0.0,0.0,0.0
2892,64534,muebles,cómodas,2018-08-12,300,0.21,0.42,4994,67,28.36,0.0,0.0,0.0,0.0
2893,64534,muebles,cómodas,2018-09-14,300,0.21,0.24,4987,61,14.71,0.0,0.0,0.0,0.0
2894,64534,muebles,cómodas,2018-08-02,300,0.3,0.06,198,1,0.06,0.0,0.0,0.0,0.0
2895,64534,muebles,cómodas,2018-06-22,300,0.3,0.09,207,2,0.18,0.0,0.0,0.0,0.0
2896,64534,muebles,cómodas,2018-05-28,300,0.02,0.0,8,0,0.0,0.0,0.0,0.0,0.0
2897,64534,muebles,cómodas,2018-05-08,300,0.16,0.3,1753,16,4.72,0.0,0.0,0.0,0.0
2898,64534,muebles,cómodas,2018-02-09,200,0.23,0.28,306,6,1.69,0.0,0.0,0.0,0.0
2899,64534,muebles,cómodas,2018-09-01,300,0.21,0.21,6729,60,12.65,0.0,0.0,0.0,0.0
2900,64534,muebles,cómodas,2018-08-16,300,0.21,0.29,5238,38,11.11,0.0,1.0,0.0,0.0
2901,64534,muebles,cómodas,2018-02-15,200,0.23,0.25,377,7,1.74,0.0,1.0,0.0,0.0
2902,64534,muebles,cómodas,2018-08-17,300,0.21,0.23,5149,46,10.8,0.0,5.0,0.0,0.0
2903,64534,muebles,cómodas,2018-04-19,300,0.16,0.32,465,5,1.62,0.0,0.0,0.0,0.0
2904,64534,muebles,cómodas,2018-06-12,300,0.3,0.1,273,3,0.3,0.0,0.0,0.0,0.0
2905,64534,muebles,cómodas,2018-08-15,300,0.21,0.27,6150,50,13.55,0.0,0.0,0.0,0.0
2906,64534,muebles,cómodas,2018-05-24,300,0.16,0.31,2236,23,7.05,0.0,0.0,0.0,0.0
2907,64534,muebles,cómodas,2018-09-22,300,0.21,0.23,11976,95,21.87,0.0,1.0,0.0,0.0
2908,64534,muebles,cómodas,2018-04-28,300,0.16,0.29,1992,16,4.61,0.0,0.0,0.0,0.0
2909,64534,muebles,cómodas,2018-07-05,300,0.3,0.1,352,6,0.57,0.0,0.0,0.0,0.0
2910,64534,muebles,cómodas,2018-06-08,300,0.3,0.0,103,0,0.0,0.0,0.0,0.0,0.0
2911,64534,muebles,cómodas,2018-02-14,200,0.23,0.31,400,9,2.81,0.0,0.0,0.0,0.0
2912,64534,muebles,cómodas,2018-03-05,300,0.23,0.26,1606,20,5.14,0.0,1.0,0.0,0.0
2913,64534,muebles,cómodas,2018-03-02,300,0.23,0.29,1457,16,4.57,0.0,0.0,0.0,0.0
2914,64534,muebles,cómodas,2018-06-11,300,0.3,0.1,294,8,0.79,0.0,0.0,0.0,0.0
2915,64534,muebles,cómodas,2018-06-29,300,0.3,0.1,249,3,0.3,0.0,0.0,0.0,0.0
2916,64534,muebles,cómodas,2018-05-20,300,0.16,0.3,3953,40,11.85,0.0,2.0,0.0,0.0
2917,64534,muebles,cómodas,2018-03-11,300,0.23,0.26,941,11,2.88,0.0,0.0,0.0,0.0
2918,64534,muebles,cómodas,2018-07-29,300,0.3,0.14,187,2,0.27,0.0,0.0,0.0,0.0
2919,64534,muebles,cómodas,2018-07-08,300,0.3,0.1,438,1,0.1,0.0,0.0,0.0,0.0
2920,64534,muebles,cómodas,2018-05-14,300,0.16,0.31,1521,18,5.57,0.0,0.0,0.0,0.0
2921,64534,muebles,cómodas,2018-02-23,300,0.23,0.25,600,9,2.26,0.0,0.0,0.0,0.0
2922,64534,muebles,cómodas,2018-08-07,300,0.3,0.16,1360,11,1.8,0.0,0.0,0.0,0.0
2923,64534,muebles,cómodas,2018-08-21,300,0.21,0.25,5379,39,9.6,0.0,0.0,0.0,0.0
2924,64534,muebles,cómodas,2018-07-21,300,0.21,0.0,162,0,0.0,0.0,0.0,0.0,0.0
2925,64534,muebles,cómodas,2018-08-24,300,0.21,0.22,6071,48,10.66,0.0,0.0,0.0,0.0
2926,64534,muebles,cómodas,2018-04-04,300,0.16,0.31,1821,17,5.3,0.0,1.0,0.0,0.0
2927,64534,muebles,cómodas,2018-06-02,300,0.02,0.0,3,0,0.0,0.0,0.0,0.0,0.0
2928,64534,muebles,cómodas,2018-08-11,300,0.21,0.19,5119,30,5.8,0.0,1.0,0.0,0.0
2929,64534,muebles,cómodas,2018-07-24,300,0.3,0.02,384,1,0.02,0.0,0.0,0.0,0.0
2930,64534,muebles,cómodas,2018-03-27,300,0.16,0.3,1393,8,2.38,0.0,1.0,0.0,0.0
2931,64534,muebles,cómodas,2018-05-02,300,0.16,0.29,2712,33,9.48,0.0,1.0,0.0,0.0
2932,64534,muebles,cómodas,2018-06-05,300,0.3,0.07,186,5,0.36,0.0,0.0,0.0,0.0
2933,64534,muebles,cómodas,2018-07-20,300,0.3,0.07,396,6,0.44,0.0,0.0,0.0,0.0
2934,64534,muebles,cómodas,2018-09-30,300,0.21,0.22,10008,67,14.73,0.0,3.0,0.0,0.0
2935,64534,muebles,cómodas,2018-09-27,300,0.21,0.22,4990,34,7.47,0.0,0.0,0.0,0.0
2936,64534,muebles,cómodas,2018-05-26,300,0.16,0.29,3011,30,8.84,0.0,1.0,0.0,0.0
2937,64534,muebles,cómodas,2018-08-25,300,0.21,0.25,4646,47,11.53,0.0,3.0,0.0,0.0
2938,64534,muebles,cómodas,2018-08-28,300,0.21,0.24,5869,44,10.47,0.0,0.0,0.0,0.0
2939,64534,muebles,cómodas,2018-02-25,300,0.23,0.24,1114,20,4.87,0.0,0.0,0.0,0.0
2940,64534,muebles,cómodas,2018-03-19,300,0.23,0.29,1950,21,5.99,0.0,0.0,0.0,0.0
2941,64534,muebles,cómodas,2018-03-03,300,0.23,0.26,1732,32,8.22,0.0,0.0,0.0,0.0
2942,64534,muebles,cómodas,2018-05-22,300,0.16,0.31,4105,57,17.57,0.0,1.0,0.0,0.0
2943,64534,muebles,cómodas,2018-07-26,300,0.3,0.08,354,7,0.54,0.0,0.0,0.0,0.0
2944,64534,muebles,cómodas,2018-02-07,200,0.23,0.07,209,1,0.07,0.0,0.0,0.0,0.0
2945,64534,muebles,cómodas,2018-08-22,300,0.21,0.27,6111,41,11.14,0.0,2.0,0.0,0.0
2946,64534,muebles,cómodas,2018-08-27,300,0.21,0.24,4988,44,10.57,0.0,0.0,0.0,0.0
2947,64534,muebles,cómodas,2018-05-29,300,0.16,0.31,1589,16,4.98,0.0,0.0,0.0,0.0
2948,64534,muebles,cómodas,2018-05-31,300,0.3,0.1,129,4,0.38,0.15,1.15,38.52,38.52
2949,64534,muebles,cómodas,2018-03-10,300,0.23,0.24,1026,10,2.43,0.0,0.0,0.0,0.0
2950,64534,muebles,cómodas,2018-07-11,300,0.3,0.07,480,2,0.14,0.0,0.0,0.0,0.0
2951,64534,muebles,cómodas,2018-05-09,300,0.16,0.3,1738,22,6.49,0.0,0.0,0.0,0.0
2952,64534,muebles,cómodas,2018-07-30,300,0.3,0.1,242,2,0.21,0.0,0.0,0.0,0.0
2953,64534,muebles,cómodas,2018-09-13,300,0.21,0.27,5784,49,13.14,0.0,1.0,0.0,0.0
2954,64534,muebles,cómodas,2018-06-13,300,0.3,0.0,296,0,0.0,0.0,0.0,0.0,0.0
2955,64534,muebles,cómodas,2018-08-13,300,0.21,0.31,3684,34,10.47,0.17,1.17,33.0,33.0
2956,64534,muebles,cómodas,2018-04-12,300,0.16,0.29,619,5,1.47,0.0,0.0,0.0,0.0
2957,64534,muebles,cómodas,2018-02-28,300,0.23,0.27,1037,15,4.05,0.0,1.0,0.0,0.0
2958,64534,muebles,cómodas,2018-04-27,300,0.16,0.33,762,5,1.64,0.0,0.0,0.0,0.0
2959,64534,muebles,cómodas,2018-09-10,300,0.21,0.24,8663,64,15.65,0.0,1.0,0.0,0.0
2960,64534,muebles,cómodas,2018-06-17,300,0.3,0.1,263,2,0.2,0.0,0.0,0.0,0.0
2961,64534,muebles,cómodas,2018-05-13,300,0.16,0.29,2395,15,4.34,0.0,0.0,0.0,0.0
2962,64534,muebles,cómodas,2018-03-29,300,0.16,0.32,1505,16,5.07,0.0,0.0,0.0,0.0
2963,64534,muebles,cómodas,2018-03-23,300,0.16,0.33,1885,14,4.67,0.0,0.0,0.0,0.0
2964,64534,muebles,cómodas,2018-07-31,300,0.3,0.09,139,4,0.35,0.0,1.0,0.0,0.0
2965,64534,muebles,cómodas,2018-03-24,300,0.16,0.31,1500,11,3.43,0.0,1.0,0.0,0.0
2966,64534,muebles,cómodas,2018-07-24,300,0.21,0.0,97,0,0.0,0.0,0.0,0.0,0.0
2967,64534,muebles,cómodas,2018-08-14,300,0.21,0.33,4110,38,12.65,0.0,2.0,0.0,0.0
2968,64534,muebles,cómodas,2018-04-24,300,0.16,0.32,390,3,0.96,0.0,0.0,0.0,0.0
2969,64534,muebles,cómodas,2018-06-28,300,0.3,0.09,228,3,0.26,0.0,0.0,0.0,0.0
2970,64534,muebles,cómodas,2018-05-11,300,0.16,0.32,1768,20,6.41,0.0,0.0,0.0,0.0
2971,64534,muebles,cómodas,2018-06-26,300,0.3,0.08,211,4,0.32,0.0,0.0,0.0,0.0
2972,64534,muebles,cómodas,2018-07-04,300,0.3,0.09,344,1,0.09,0.0,0.0,0.0,0.0
2973,64534,muebles,cómodas,2018-06-15,300,0.3,0.06,151,1,0.06,0.0,0.0,0.0,0.0
2974,64534,muebles,cómodas,2018-05-06,300,0.16,0.3,1851,22,6.6,0.0,2.0,0.0,0.0
2975,64534,muebles,cómodas,2018-07-03,300,0.3,0.07,427,7,0.5,0.44,0.44,87.25,87.25
2976,64534,muebles,cómodas,2018-08-01,300,0.3,0.06,196,3,0.18,0.0,1.0,0.0,0.0
2977,64534,muebles,cómodas,2018-04-17,300,0.16,0.32,512,6,1.92,0.0,0.0,0.0,0.0
2978,64534,muebles,cómodas,2018-09-17,300,0.21,0.24,8426,103,25.23,0.0,2.0,0.0,0.0
2979,64534,muebles,cómodas,2018-06-04,300,0.3,0.06,217,1,0.06,0.0,0.0,0.0,0.0
2980,64534,muebles,cómodas,2018-07-22,300,0.3,0.08,539,7,0.55,0.0,0.0,0.0,0.0
2981,64534,muebles,cómodas,2018-09-29,300,0.21,0.2,4994,34,6.67,0.0,0.0,0.0,0.0
2982,64534,muebles,cómodas,2018-02-12,200,0.23,0.36,449,2,0.73,0.0,0.0,0.0,0.0
2983,64534,muebles,cómodas,2018-07-25,300,0.3,0.09,342,4,0.37,0.0,0.0,0.0,0.0
2984,64534,muebles,cómodas,2018-05-27,300,0.02,0.0,21,0,0.0,0.0,0.0,0.0,0.0
2985,64534,muebles,cómodas,2018-09-12,300,0.21,0.24,6809,60,14.64,0.0,0.0,0.0,0.0
2986,64534,muebles,cómodas,2018-03-18,300,0.23,0.25,2091,31,7.81,0.0,0.0,0.0,0.0
2987,64534,muebles,cómodas,2018-08-04,300,0.3,0.06,186,2,0.12,0.0,0.0,0.0,0.0
2988,64534,muebles,cómodas,2018-04-13,300,0.16,0.3,391,8,2.36,0.0,0.0,0.0,0.0
2989,64534,muebles,cómodas,2018-09-08,300,0.21,0.23,5813,55,12.81,0.0,0.0,0.0,0.0
2990,64534,muebles,cómodas,2018-03-09,300,0.23,0.27,1068,9,2.47,0.0,0.0,0.0,0.0
2991,64534,muebles,cómodas,2018-04-25,300,0.16,0.35,782,7,2.43,0.0,0.0,0.0,0.0
2992,64534,muebles,cómodas,2018-06-27,300,0.3,0.1,175,2,0.2,0.0,0.0,0.0,0.0
2993,64534,muebles,cómodas,2018-06-03,300,0.02,0.0,17,0,0.0,0.0,0.0,0.0,0.0
2994,64534,muebles,cómodas,2018-03-25,300,0.16,0.33,1701,13,4.28,0.0,0.0,0.0,0.0
2995,64534,muebles,cómodas,2018-08-10,300,0.21,0.21,4453,39,8.23,0.0,2.0,0.0,0.0
2996,64534,muebles,cómodas,2018-08-09,300,0.21,0.2,3844,40,7.93,0.0,0.0,0.0,0.0
2997,64534,muebles,cómodas,2018-04-26,300,0.16,0.29,664,10,2.91,0.0,0.0,0.0,0.0
2998,64534,muebles,cómodas,2018-07-14,300,0.3,0.07,356,5,0.33,0.0,0.0,0.0,0.0
2999,64534,muebles,cómodas,2018-07-27,300,0.3,0.09,336,5,0.44,0.0,0.0,0.0,0.0
3000,64534,muebles,cómodas,2018-02-18,300,0.23,0.33,95,1,0.33,0.0,0.0,0.0,0.0
3001,64534,muebles,cómodas,2018-04-07,300,0.16,0.33,780,6,2.0,0.0,0.0,0.0,0.0
3002,64534,muebles,cómodas,2018-05-05,300,0.16,0.28,1648,19,5.4,0.0,0.0,0.0,0.0
3003,64534,muebles,cómodas,2018-06-14,300,0.3,0.1,132,1,0.1,0.0,0.0,0.0,0.0
3004,64534,muebles,cómodas,2018-07-12,300,0.3,0.1,355,2,0.2,0.0,0.0,0.0,0.0
3005,64534,muebles,cómodas,2018-09-09,300,0.21,0.23,5826,55,12.77,0.0,1.0,0.0,0.0
3006,64534,muebles,cómodas,2018-02-27,300,0.23,0.26,1495,12,3.07,0.0,0.0,0.0,0.0
3007,64534,muebles,cómodas,2018-08-18,300,0.21,0.24,6638,48,11.63,0.0,2.0,0.0,0.0
3008,64534,muebles,cómodas,2018-06-06,300,0.3,0.06,196,4,0.24,0.0,0.0,0.0,0.0
3009,64534,muebles,cómodas,2018-09-04,300,0.21,0.23,6966,49,11.41,0.0,0.0,0.0,0.0
3010,64534,muebles,cómodas,2018-08-08,300,0.3,0.13,2028,12,1.58,0.0,2.0,0.0,0.0
3011,64534,muebles,cómodas,2018-04-09,300,0.16,0.34,601,4,1.35,0.0,0.0,0.0,0.0
3012,64534,muebles,cómodas,2018-07-19,300,0.21,0.0,190,0,0.0,0.0,0.0,0.0,0.0
3013,64534,muebles,cómodas,2018-02-24,300,0.23,0.19,812,8,1.5,0.0,0.0,0.0,0.0
3014,64534,muebles,cómodas,2018-07-19,300,0.3,0.16,427,2,0.32,0.0,0.0,0.0,0.0
3015,64534,muebles,cómodas,2018-03-13,300,0.23,0.28,1120,12,3.35,0.0,0.0,0.0,0.0
3016,64534,muebles,cómodas,2018-07-02,300,0.3,0.07,343,3,0.22,0.0,0.0,0.0,0.0
3017,64534,muebles,cómodas,2018-02-06,300,0.23,0.23,300,4,0.91,0.0,0.0,0.0,0.0
3018,64534,muebles,cómodas,2018-06-16,300,0.3,0.09,205,3,0.26,0.0,0.0,0.0,0.0
3019,64534,muebles,cómodas,2018-02-17,300,0.23,0.33,512,9,2.99,0.0,1.0,0.0,0.0
3020,64534,muebles,cómodas,2018-02-20,300,0.23,0.33,1387,21,6.86,0.0,0.0,0.0,0.0
3021,64534,muebles,cómodas,2018-05-16,300,0.16,0.34,1503,18,6.12,0.0,0.0,0.0,0.0
3022,64534,muebles,cómodas,2018-03-17,300,0.23,0.25,2103,22,5.55,0.0,1.0,0.0,0.0
3023,64534,muebles,cómodas,2018-08-06,300,0.3,0.05,222,1,0.05,0.0,0.0,0.0,0.0
3024,64534,muebles,cómodas,2018-02-05,300,0.23,0.24,258,2,0.49,0.0,0.0,0.0,0.0
3025,64534,muebles,cómodas,2018-07-21,300,0.3,0.1,586,2,0.21,0.0,0.0,0.0,0.0
3026,64534,muebles,cómodas,2018-02-07,300,0.23,0.34,96,1,0.34,0.0,0.0,0.0,0.0
3027,64534,muebles,cómodas,2018-03-15,300,0.23,0.26,1525,18,4.61,0.0,0.0,0.0,0.0
3028,64534,muebles,cómodas,2018-03-12,300,0.23,0.27,841,14,3.74,0.0,0.0,0.0,0.0
3029,64534,muebles,cómodas,2018-10-17,300,0.21,0.2,7992,57,11.49,0.0,0.0,0.0,0.0
3030,64534,muebles,cómodas,2019-01-07,300,0.21,0.35,7407,61,21.17,0.0,0.0,0.0,0.0
3031,64534,muebles,cómodas,2019-03-21,300,0.25,0.18,11284,82,15.15,0.0,0.0,0.0,0.0
3032,64534,muebles,cómodas,2018-10-23,300,0.21,0.21,7588,59,12.68,0.0,1.0,0.0,0.0
3033,64534,muebles,cómodas,2019-03-17,300,0.25,0.2,11751,99,19.66,0.0,0.0,0.0,0.0
3034,64534,muebles,cómodas,2018-12-07,300,0.21,0.4,4359,33,13.31,0.0,0.0,0.0,0.0
3035,64534,muebles,cómodas,2019-03-23,300,0.25,0.2,9453,72,14.54,0.0,0.0,0.0,0.0
3036,64534,muebles,cómodas,2019-01-17,300,0.25,0.22,6443,58,12.94,0.0,0.0,0.0,0.0
3037,64534,muebles,cómodas,2019-02-24,300,0.25,0.23,5279,45,10.15,0.0,0.0,0.0,0.0
3038,64534,muebles,cómodas,2018-10-15,300,0.21,0.2,8358,58,11.87,0.0,0.0,0.0,0.0
3039,64534,muebles,cómodas,2019-01-18,300,0.25,0.23,5969,52,12.16,0.5,1.0,113.4,226.8
3040,64534,muebles,cómodas,2019-01-21,300,0.25,0.23,5131,52,11.92,0.0,0.0,0.0,0.0
3041,64534,muebles,cómodas,2019-01-05,300,0.21,0.33,1918,24,7.82,0.0,0.0,0.0,0.0
3042,64534,muebles,cómodas,2018-10-29,300,0.21,0.22,5882,36,7.8,0.0,1.0,0.0,0.0
3043,64534,muebles,cómodas,2018-12-19,300,0.21,0.37,9224,63,23.32,0.0,0.0,0.0,0.0
3044,64534,muebles,cómodas,2018-11-28,300,0.21,0.51,1634,18,9.13,0.0,0.0,0.0,0.0
3045,64534,muebles,cómodas,2018-12-28,300,0.21,0.36,4220,52,18.83,0.0,0.0,0.0,0.0
3046,64534,muebles,cómodas,2018-10-24,300,0.21,0.21,5786,33,6.9,0.0,2.0,0.0,0.0
3047,64534,muebles,cómodas,2019-03-08,300,0.25,0.23,4276,29,6.59,0.0,0.0,0.0,0.0
3048,64534,muebles,cómodas,2018-11-13,300,0.21,0.21,8073,61,12.78,0.0,0.8,0.0,70.44
3049,64534,muebles,cómodas,2019-01-22,300,0.25,0.23,6481,64,14.46,0.0,0.0,0.0,0.0
3050,64534,muebles,cómodas,2018-12-08,300,0.21,0.42,2917,31,13.06,0.0,0.0,0.0,0.0
3051,64534,muebles,cómodas,2018-12-15,300,0.21,0.4,5312,47,19.02,0.0,0.0,0.0,0.0
3052,64534,muebles,cómodas,2018-11-09,300,0.21,0.19,7948,47,9.06,1.0,5.0,59.9,59.9
3053,64534,muebles,cómodas,2018-10-08,300,0.21,0.21,5938,45,9.54,0.0,0.0,0.0,0.0
3054,64534,muebles,cómodas,2018-10-11,300,0.21,0.24,3982,37,8.73,0.0,1.0,0.0,0.0
3055,64534,muebles,cómodas,2018-12-21,300,0.21,0.37,7094,59,21.59,0.0,0.0,0.0,0.0
3056,64534,muebles,cómodas,2018-10-30,300,0.21,0.23,4994,29,6.55,0.0,1.0,0.0,0.0
3057,64534,muebles,cómodas,2018-10-05,300,0.21,0.2,5071,38,7.62,0.0,0.0,0.0,0.0
3058,64534,muebles,cómodas,2018-12-10,300,0.21,0.38,4106,40,15.1,0.0,0.0,0.0,0.0
3059,64534,muebles,cómodas,2018-12-04,300,0.21,0.54,3203,29,15.73,0.0,0.0,0.0,0.0
3060,64534,muebles,cómodas,2019-02-18,300,0.25,0.32,3691,42,13.32,0.0,0.0,0.0,0.0
3061,64534,muebles,cómodas,2019-01-13,300,0.25,0.26,7654,101,26.37,0.0,0.0,0.0,0.0
3062,64534,muebles,cómodas,2019-01-01,300,0.21,0.35,2683,26,9.13,0.0,0.0,0.0,0.0
3063,64534,muebles,cómodas,2018-11-10,300,0.21,0.2,9144,70,13.69,0.0,5.0,0.0,0.0
3064,64534,muebles,cómodas,2019-01-06,300,0.21,0.34,5077,34,11.54,0.0,0.0,0.0,0.0
3065,64534,muebles,cómodas,2019-01-15,300,0.25,0.23,9588,63,14.26,0.0,0.0,0.0,0.0
3066,64534,muebles,cómodas,2019-01-14,300,0.25,0.26,9007,86,22.08,1.0,1.0,186.3,186.3
3067,64534,muebles,cómodas,2019-02-25,300,0.25,0.23,7610,55,12.86,0.0,0.0,0.0,0.0
3068,64534,muebles,cómodas,2018-10-16,300,0.21,0.21,6949,52,10.67,0.0,2.0,0.0,0.0
3069,64534,muebles,cómodas,2019-02-20,300,0.25,0.27,6807,61,16.25,0.0,0.0,0.0,0.0
3070,64534,muebles,cómodas,2019-01-20,300,0.25,0.24,5350,58,13.95,0.0,0.0,0.0,0.0
3071,64534,muebles,cómodas,2018-12-09,300,0.21,0.39,4383,45,17.63,0.0,0.0,0.0,0.0
3072,64534,muebles,cómodas,2018-10-19,300,0.21,0.18,6378,43,7.76,0.5,3.0,113.4,226.8
3073,64534,muebles,cómodas,2019-03-03,300,0.25,0.29,5009,47,13.56,0.0,0.0,0.0,0.0
3074,64534,muebles,cómodas,2019-03-16,300,0.25,0.21,205,1,0.21,0.0,0.0,0.0,0.0
3075,64534,muebles,cómodas,2019-03-12,300,0.25,0.21,3937,27,5.54,0.0,0.0,0.0,0.0
3076,64534,muebles,cómodas,2019-03-19,300,0.25,0.2,11369,93,18.86,0.0,0.0,0.0,0.0
3077,64534,muebles,cómodas,2019-01-09,300,0.21,0.33,4083,56,18.7,0.0,0.0,0.0,0.0
3078,64534,muebles,cómodas,2018-11-14,300,0.21,0.21,8353,50,10.5,0.0,0.0,0.0,0.0
3079,64534,muebles,cómodas,2019-03-24,300,0.25,0.2,9977,76,14.9,0.0,0.0,0.0,0.0
3080,64534,muebles,cómodas,2018-12-18,300,0.21,0.39,8875,66,25.47,0.0,0.0,0.0,0.0
3081,64534,muebles,cómodas,2018-11-03,300,0.21,0.2,5416,37,7.56,0.0,3.0,0.0,0.0
3082,64534,muebles,cómodas,2018-12-30,300,0.21,0.32,6669,69,22.34,0.0,0.7,0.0,169.9
3083,64534,muebles,cómodas,2019-03-07,300,0.25,0.2,5787,35,6.91,0.0,0.0,0.0,0.0
3084,64534,muebles,cómodas,2018-10-25,300,0.21,0.21,5602,42,8.91,0.0,1.0,0.0,0.0
3085,64534,muebles,cómodas,2019-03-06,300,0.25,0.25,5419,43,10.72,0.0,0.0,0.0,0.0
3086,64534,muebles,cómodas,2018-11-29,300,0.21,0.45,2854,23,10.31,1.0,3.0,415.0,1028.0
3087,64534,muebles,cómodas,2018-11-23,300,0.21,0.44,15249,149,66.29,0.0,0.0,0.0,0.0
3088,64534,muebles,cómodas,2019-01-11,300,0.25,0.26,9876,90,23.43,0.0,0.0,0.0,0.0
3089,64534,muebles,cómodas,2019-02-11,300,0.25,0.39,4942,48,18.51,0.0,0.0,0.0,0.0
3090,64534,muebles,cómodas,2019-01-19,300,0.25,0.22,8506,57,12.48,0.0,0.0,0.0,0.0
3091,64534,muebles,cómodas,2019-02-12,300,0.25,0.31,5291,46,14.41,0.0,0.48,0.0,76.09
3092,64534,muebles,cómodas,2018-11-02,300,0.21,0.2,6284,60,11.83,0.0,2.0,0.0,0.0
3093,64534,muebles,cómodas,2018-10-13,300,0.21,0.2,6407,57,11.41,0.0,3.0,0.0,0.0
3094,64534,muebles,cómodas,2018-10-09,300,0.21,0.24,6467,57,13.86,0.0,3.0,0.0,0.0
3095,64534,muebles,cómodas,2019-01-10,300,0.21,0.31,1239,21,6.51,0.0,0.0,0.0,0.0
3096,64534,muebles,cómodas,2019-02-08,300,0.25,0.29,5472,55,16.19,1.0,2.0,233.6,467.2
3097,64534,muebles,cómodas,2019-01-30,300,0.25,0.22,4770,58,12.81,1.0,1.0,88.0,88.0
3098,64534,muebles,cómodas,2018-10-21,300,0.21,0.21,13055,98,20.18,0.0,3.0,0.0,0.0
3099,64534,muebles,cómodas,2019-03-10,300,0.25,0.23,5084,29,6.59,0.0,0.0,0.0,0.0
3100,64534,muebles,cómodas,2019-02-27,300,0.25,0.24,6891,46,11.03,0.0,0.0,0.0,0.0
3101,64534,muebles,cómodas,2018-12-23,300,0.21,0.37,10447,76,27.79,0.0,0.0,0.0,0.0
3102,64534,muebles,cómodas,2019-02-04,300,0.25,0.23,7987,62,14.03,0.0,0.0,0.0,0.0
3103,64534,muebles,cómodas,2018-10-27,300,0.21,0.22,8113,72,15.75,0.0,2.0,0.0,0.0
3104,64534,muebles,cómodas,2018-12-14,300,0.21,0.42,4607,43,18.06,0.14,0.14,28.29,28.29
3105,64534,muebles,cómodas,2019-01-04,300,0.21,0.35,2418,22,7.71,0.0,0.0,0.0,0.0
3106,64534,muebles,cómodas,2018-11-07,300,0.21,0.2,7441,54,10.65,0.0,1.0,0.0,0.0
3107,64534,muebles,cómodas,2019-03-04,300,0.25,0.27,5653,58,15.61,0.0,0.0,0.0,0.0
3108,64534,muebles,cómodas,2018-10-31,300,0.21,0.2,3301,29,5.78,0.0,0.0,0.0,0.0
3109,64534,muebles,cómodas,2018-10-04,300,0.21,0.24,5723,50,11.99,0.0,3.0,0.0,0.0
3110,64534,muebles,cómodas,2018-10-14,300,0.21,0.2,11628,84,16.81,0.0,2.0,0.0,0.0
3111,64534,muebles,cómodas,2019-03-11,300,0.25,0.26,5378,26,6.73,0.0,0.0,0.0,0.0
3112,64534,muebles,cómodas,2018-11-06,300,0.21,0.2,7859,53,10.86,1.0,3.0,310.0,310.0
3113,64534,muebles,cómodas,2019-03-25,300,0.25,0.19,7108,47,8.73,0.0,0.0,0.0,0.0
3114,64534,muebles,cómodas,2018-11-19,300,0.21,0.2,11283,72,14.43,0.0,0.0,0.0,0.0
3115,64534,muebles,cómodas,2018-11-22,300,0.21,0.29,10538,102,29.93,2.0,4.4,192.3,442.92
3116,64534,muebles,cómodas,2018-12-06,300,0.21,0.42,4275,29,12.28,0.0,0.0,0.0,0.0
3117,64534,muebles,cómodas,2019-02-15,300,0.25,0.33,4027,39,12.99,0.23,0.39,14.37,24.28
3118,64534,muebles,cómodas,2018-10-28,300,0.21,0.23,9543,68,15.52,0.25,1.65,56.7,147.42
3119,64534,muebles,cómodas,2018-12-24,300,0.21,0.36,6445,59,21.42,0.0,0.0,0.0,0.0
3120,64534,muebles,cómodas,2019-03-09,300,0.25,0.21,5737,31,6.54,0.0,0.0,0.0,0.0
3121,64534,muebles,cómodas,2018-10-10,300,0.21,0.24,4438,32,7.57,0.0,2.0,0.0,0.0
3122,64534,muebles,cómodas,2018-11-30,300,0.21,0.42,3004,28,11.75,0.0,0.0,0.0,0.0
3123,64534,muebles,cómodas,2018-12-17,300,0.21,0.39,8684,66,25.62,0.0,0.0,0.0,0.0
3124,64534,muebles,cómodas,2019-03-27,300,0.25,0.19,3893,30,5.81,0.0,0.0,0.0,0.0
3125,64534,muebles,cómodas,2018-10-06,300,0.21,0.23,6031,48,10.86,0.0,0.0,0.0,0.0
3126,64534,muebles,cómodas,2019-03-31,300,0.25,0.19,1965,17,3.22,0.0,0.0,0.0,0.0
3127,64534,muebles,cómodas,2018-11-15,300,0.21,0.21,6455,53,10.87,0.0,0.0,0.0,0.0
3128,64534,muebles,cómodas,2018-11-20,300,0.21,0.21,9844,78,16.65,0.0,0.03,0.0,1.35
3129,64534,muebles,cómodas,2018-10-26,300,0.21,0.2,5908,36,7.21,0.0,2.0,0.0,0.0
3130,64534,muebles,cómodas,2019-02-01,300,0.25,0.23,6890,57,12.91,0.0,0.0,0.0,0.0
3131,64534,muebles,cómodas,2019-03-29,300,0.25,0.17,2064,12,2.0,0.0,0.0,0.0,0.0
3132,64534,muebles,cómodas,2019-01-24,300,0.25,0.22,5967,57,12.57,0.0,0.0,0.0,0.0
3133,64534,muebles,cómodas,2018-11-18,300,0.21,0.21,13805,135,27.73,1.0,2.0,234.36,468.72
3134,64534,muebles,cómodas,2018-11-11,300,0.21,0.2,11637,84,16.89,0.0,0.0,0.0,0.0
3135,64534,muebles,cómodas,2019-02-26,300,0.25,0.24,7892,58,14.04,0.0,0.0,0.0,0.0
3136,64534,muebles,cómodas,2018-12-31,300,0.21,0.34,6765,71,23.86,0.0,0.0,0.0,0.0
3137,64534,muebles,cómodas,2018-12-05,300,0.21,0.46,3273,34,15.51,0.0,0.0,0.0,0.0
3138,64534,muebles,cómodas,2018-11-05,300,0.21,0.2,8854,54,10.95,0.0,4.0,0.0,0.0
3139,64534,muebles,cómodas,2018-10-18,300,0.21,0.21,6475,46,9.59,1.0,4.0,252.0,252.0
3140,64534,muebles,cómodas,2019-02-05,300,0.25,0.23,6376,53,12.31,0.0,0.0,0.0,0.0
3141,64534,muebles,cómodas,2019-03-22,300,0.25,0.19,8011,50,9.52,1.0,1.0,32.31,32.31
3142,64534,muebles,cómodas,2019-02-21,300,0.25,0.26,5340,43,11.05,0.0,0.0,0.0,0.0
3143,64534,muebles,cómodas,2018-10-20,300,0.21,0.2,8587,81,16.32,0.0,1.0,0.0,0.0
3144,64534,muebles,cómodas,2019-01-16,300,0.25,0.22,7418,65,14.62,0.0,0.0,0.0,0.0
3145,64534,muebles,cómodas,2019-02-06,300,0.25,0.22,4075,40,8.75,0.0,0.0,0.0,0.0
3146,64534,muebles,cómodas,2018-11-12,300,0.21,0.2,9251,78,15.83,0.0,0.0,0.0,0.0
3147,64534,muebles,cómodas,2019-02-23,300,0.25,0.23,5148,56,12.95,0.0,0.0,0.0,0.0
3148,64534,muebles,cómodas,2018-12-13,300,0.21,0.43,2552,36,15.59,0.0,0.0,0.0,0.0
3149,64534,muebles,cómodas,2018-10-02,300,0.21,0.22,5559,52,11.24,0.0,2.0,0.0,0.0
3150,64534,muebles,cómodas,2019-02-17,300,0.25,0.27,4332,41,11.17,0.0,0.0,0.0,0.0
3151,64534,muebles,cómodas,2018-10-01,300,0.21,0.22,7196,49,10.69,0.0,2.0,0.0,0.0
3152,64534,muebles,cómodas,2018-10-07,300,0.21,0.22,7866,74,16.24,0.0,1.0,0.0,0.0
3153,64534,muebles,cómodas,2019-02-13,300,0.25,0.32,4701,53,16.79,0.0,0.0,0.0,0.0
3154,64534,muebles,cómodas,2019-02-14,300,0.25,0.32,4304,53,16.94,0.0,0.0,0.0,0.0
3155,64534,muebles,cómodas,2019-01-08,300,0.21,0.34,5232,54,18.16,0.0,0.0,0.0,0.0
3156,64534,muebles,cómodas,2018-12-22,300,0.21,0.38,8012,72,27.54,0.0,0.0,0.0,0.0
3157,64534,muebles,cómodas,2019-03-01,300,0.25,0.23,5959,38,8.72,0.0,0.0,0.0,0.0
3158,64534,muebles,cómodas,2018-12-02,300,0.21,0.52,2324,20,10.5,0.0,0.0,0.0,0.0
3159,64534,muebles,cómodas,2019-02-16,300,0.25,0.29,3875,47,13.51,0.0,0.0,0.0,0.0
3160,64534,muebles,cómodas,2019-01-28,300,0.25,0.22,6074,48,10.69,0.0,0.0,0.0,0.0
3161,64534,muebles,cómodas,2019-01-23,300,0.25,0.22,6935,58,12.71,0.0,0.0,0.0,0.0
3162,64534,muebles,cómodas,2019-03-15,300,0.25,0.0,23,0,0.0,0.0,0.0,0.0,0.0
3163,64534,muebles,cómodas,2019-02-07,300,0.25,0.23,4415,44,10.05,0.0,0.0,0.0,0.0
3164,64534,muebles,cómodas,2018-12-12,300,0.21,0.41,3229,36,14.69,0.0,0.0,0.0,0.0
3165,64534,muebles,cómodas,2018-11-16,300,0.21,0.2,7462,56,11.35,0.2,1.13,45.36,257.04
3166,64534,muebles,cómodas,2019-03-14,300,0.25,0.0,20,0,0.0,0.0,0.0,0.0,0.0
3167,64534,muebles,cómodas,2018-11-26,300,0.21,0.49,17422,141,68.83,0.0,0.0,0.0,0.0
3168,64534,muebles,cómodas,2019-03-18,300,0.25,0.2,9992,74,14.51,0.0,0.0,0.0,0.0
3169,64534,muebles,cómodas,2019-01-31,300,0.25,0.22,5338,59,13.17,0.0,0.0,0.0,0.0
3170,64534,muebles,cómodas,2018-12-25,300,0.21,0.36,11952,102,37.1,0.0,1.4,0.0,182.76
3171,64534,muebles,cómodas,2018-12-29,300,0.21,0.34,4126,50,16.83,0.0,0.0,0.0,0.0
3172,64534,muebles,cómodas,2018-12-26,300,0.21,0.39,10614,94,36.27,0.0,0.0,0.0,0.0
3173,64534,muebles,cómodas,2018-12-27,300,0.21,0.38,5231,58,22.16,0.0,0.0,0.0,0.0
3174,64534,muebles,cómodas,2019-03-30,300,0.25,0.2,2310,14,2.79,0.0,0.0,0.0,0.0
3175,64534,muebles,cómodas,2019-01-29,300,0.25,0.21,4899,51,10.88,0.0,0.0,0.0,0.0
3176,64534,muebles,cómodas,2019-03-02,300,0.25,0.25,5429,53,13.45,0.0,0.0,0.0,0.0
3177,64534,muebles,cómodas,2019-01-12,300,0.25,0.27,8164,94,25.01,0.0,0.0,0.0,0.0
3178,64534,muebles,cómodas,2018-11-21,300,0.21,0.2,8358,50,9.81,0.0,0.0,0.0,0.0
3179,64534,muebles,cómodas,2018-11-17,300,0.21,0.22,9940,60,12.96,0.0,0.0,0.0,0.0
3180,64534,muebles,cómodas,2018-11-01,300,0.21,0.2,6149,37,7.56,0.0,1.0,0.0,0.0
3181,64534,muebles,cómodas,2018-12-16,300,0.21,0.36,5143,54,19.6,0.0,0.0,0.0,0.0
3182,64534,muebles,cómodas,2018-12-20,300,0.21,0.36,9170,66,23.73,0.0,0.0,0.0,0.0
3183,64534,muebles,cómodas,2018-10-03,300,0.21,0.23,5242,48,11.01,0.0,3.0,0.0,0.0
3184,64534,muebles,cómodas,2019-01-03,300,0.21,0.33,3522,28,9.18,0.0,0.0,0.0,0.0
3185,64534,muebles,cómodas,2019-01-26,300,0.25,0.22,6043,59,13.17,1.52,3.02,227.2,454.79
3186,64534,muebles,cómodas,2019-03-05,300,0.25,0.27,5441,43,11.76,0.0,0.0,0.0,0.0
3187,64534,muebles,cómodas,2019-03-28,300,0.25,0.21,3344,25,5.29,0.0,0.0,0.0,0.0
3188,64534,muebles,cómodas,2018-10-22,300,0.21,0.21,8604,82,17.52,0.0,4.0,0.0,0.0
3189,64534,muebles,cómodas,2019-01-25,300,0.25,0.24,6472,53,12.59,0.0,0.0,0.0,0.0
3190,64534,muebles,cómodas,2018-12-01,300,0.21,0.44,2768,23,10.11,0.0,0.0,0.0,0.0
3191,64534,muebles,cómodas,2019-02-22,300,0.25,0.25,5470,40,9.91,0.0,0.0,0.0,0.0
3192,64534,muebles,cómodas,2018-11-25,300,0.21,0.52,20685,201,103.58,0.0,0.0,0.0,0.0
3193,64534,muebles,cómodas,2018-11-08,300,0.21,0.2,8209,68,13.54,0.0,3.0,0.0,0.0
3194,64534,muebles,cómodas,2019-02-28,300,0.25,0.22,5715,58,13.0,0.0,0.0,0.0,0.0
3195,64534,muebles,cómodas,2019-02-10,300,0.25,0.32,5373,48,15.34,0.0,0.0,0.0,0.0
3196,64534,muebles,cómodas,2019-03-20,300,0.25,0.19,12558,101,19.58,0.0,0.0,0.0,0.0
3197,64534,muebles,cómodas,2019-01-02,300,0.21,0.35,1726,25,8.77,0.0,0.0,0.0,0.0
3198,64534,muebles,cómodas,2019-01-27,300,0.25,0.23,5410,58,13.14,0.0,0.0,0.0,0.0
3199,64534,muebles,cómodas,2019-02-19,300,0.25,0.26,5724,53,13.59,0.0,0.0,0.0,0.0
3200,64534,muebles,cómodas,2018-11-27,300,0.21,0.51,2551,22,11.2,0.0,0.0,0.0,0.0
3201,64534,muebles,cómodas,2019-01-10,300,0.25,0.27,5318,53,14.32,0.0,0.0,0.0,0.0
3202,64534,muebles,cómodas,2018-11-04,300,0.21,0.19,6298,46,8.88,0.0,2.0,0.0,0.0
3203,64534,muebles,cómodas,2019-02-09,300,0.25,0.29,5358,49,14.31,0.14,0.31,25.58,55.43
3204,64534,muebles,cómodas,2019-02-02,300,0.25,0.23,5453,64,14.48,0.17,0.17,29.38,29.38
3205,64534,muebles,cómodas,2018-11-24,300,0.21,0.49,13746,129,62.95,0.0,1.0,0.0,133.9
3206,64534,muebles,cómodas,2018-12-11,300,0.21,0.38,4278,32,12.22,0.0,0.0,0.0,0.0
3207,64534,muebles,cómodas,2019-03-26,300,0.25,0.21,5839,68,14.09,0.0,0.0,0.0,0.0
3208,64534,muebles,cómodas,2019-02-03,300,0.25,0.23,6872,61,13.98,0.2,0.2,90.72,90.72
3209,64534,muebles,cómodas,2018-10-12,300,0.21,0.21,5795,42,8.76,0.0,0.0,0.0,0.0
3210,64534,muebles,cómodas,2018-12-03,300,0.21,0.47,2943,28,13.25,0.0,0.0,0.0,0.0
