,Reference,CatN1,CatN2,Cat_Price,CPC_max,CPC_medio,Impressions,Clics,Cost,Conversions,All_Conversions,Ads_Income,Ads_Income_All,Dates
323,101318.0,muebles,sillas,80.0,0.0,0.0,0.0,0.0,0.0,0.0,0.0,0.0,0.0,2017-09-02
324,101318.0,muebles,sillas,80.0,0.0,0.0,0.0,0.0,0.0,0.0,0.0,0.0,0.0,2017-09-03
325,101318.0,muebles,sillas,80.0,0.0,0.0,0.0,0.0,0.0,0.0,0.0,0.0,0.0,2017-09-04
326,101318.0,muebles,sillas,80.0,0.0,0.0,0.0,0.0,0.0,0.0,0.0,0.0,0.0,2017-09-05
327,101318.0,muebles,sillas,80.0,0.0,0.0,0.0,0.0,0.0,0.0,0.0,0.0,0.0,2017-09-06
328,101318.0,muebles,sillas,80.0,0.0,0.0,0.0,0.0,0.0,0.0,0.0,0.0,0.0,2017-09-07
329,101318.0,muebles,sillas,80.0,0.0,0.0,0.0,0.0,0.0,0.0,0.0,0.0,0.0,2017-09-08
330,101318.0,muebles,sillas,80.0,0.0,0.0,0.0,0.0,0.0,0.0,0.0,0.0,0.0,2017-09-09
331,101318.0,muebles,sillas,80.0,0.0,0.0,0.0,0.0,0.0,0.0,0.0,0.0,0.0,2017-09-10
332,101318.0,muebles,sillas,80.0,0.0,0.0,0.0,0.0,0.0,0.0,0.0,0.0,0.0,2017-09-11
333,101318.0,muebles,sillas,80.0,0.0,0.0,0.0,0.0,0.0,0.0,0.0,0.0,0.0,2017-09-12
334,101318.0,muebles,sillas,80.0,0.0,0.0,0.0,0.0,0.0,0.0,0.0,0.0,0.0,2017-09-13
335,101318.0,muebles,sillas,80.0,0.0,0.0,0.0,0.0,0.0,0.0,0.0,0.0,0.0,2017-09-14
336,101318.0,muebles,sillas,80.0,0.0,0.0,0.0,0.0,0.0,0.0,0.0,0.0,0.0,2017-09-15
337,101318.0,muebles,sillas,80.0,0.0,0.0,0.0,0.0,0.0,0.0,0.0,0.0,0.0,2017-09-16
338,101318.0,muebles,sillas,80.0,0.0,0.0,0.0,0.0,0.0,0.0,0.0,0.0,0.0,2017-09-17
339,101318.0,muebles,sillas,80.0,0.0,0.0,0.0,0.0,0.0,0.0,0.0,0.0,0.0,2017-09-18
340,101318.0,muebles,sillas,80.0,0.0,0.0,0.0,0.0,0.0,0.0,0.0,0.0,0.0,2017-09-19
341,101318.0,muebles,sillas,80.0,0.0,0.0,0.0,0.0,0.0,0.0,0.0,0.0,0.0,2017-09-20
342,101318.0,muebles,sillas,80.0,0.0,0.0,0.0,0.0,0.0,0.0,0.0,0.0,0.0,2017-09-21
343,101318.0,muebles,sillas,80.0,0.0,0.0,0.0,0.0,0.0,0.0,0.0,0.0,0.0,2017-09-22
344,101318.0,muebles,sillas,80.0,0.0,0.0,0.0,0.0,0.0,0.0,0.0,0.0,0.0,2017-09-23
345,101318.0,muebles,sillas,80.0,0.0,0.0,0.0,0.0,0.0,0.0,0.0,0.0,0.0,2017-09-24
346,101318.0,muebles,sillas,80.0,0.0,0.0,0.0,0.0,0.0,0.0,0.0,0.0,0.0,2017-09-25
347,101318.0,muebles,sillas,80.0,0.0,0.0,0.0,0.0,0.0,0.0,0.0,0.0,0.0,2017-09-26
348,101318.0,muebles,sillas,80.0,0.0,0.0,0.0,0.0,0.0,0.0,0.0,0.0,0.0,2017-09-27
349,101318.0,muebles,sillas,80.0,0.0,0.0,0.0,0.0,0.0,0.0,0.0,0.0,0.0,2017-09-28
350,101318.0,muebles,sillas,80.0,0.0,0.0,0.0,0.0,0.0,0.0,0.0,0.0,0.0,2017-09-29
351,101318.0,muebles,sillas,80.0,0.0,0.0,0.0,0.0,0.0,0.0,0.0,0.0,0.0,2017-09-30
352,101318.0,muebles,sillas,80.0,0.0,0.0,0.0,0.0,0.0,0.0,0.0,0.0,0.0,2017-10-01
28,101318.0,muebles,sillería y tapicería,80.0,0.24,0.0,32.0,0.0,0.0,0.0,0.0,0.0,0.0,2017-10-02
6,101318.0,muebles,sillería y tapicería,80.0,0.24,0.0,32.0,0.0,0.0,0.0,0.0,0.0,0.0,2017-10-03
21,101318.0,muebles,sillería y tapicería,80.0,0.24,0.0,40.0,0.0,0.0,0.0,0.0,0.0,0.0,2017-10-04
18,101318.0,muebles,sillería y tapicería,80.0,0.24,0.12,38.0,1.0,0.12,0.0,0.0,0.0,0.0,2017-10-05
0,101318.0,muebles,sillería y tapicería,80.0,0.24,0.0,30.0,0.0,0.0,0.0,0.0,0.0,0.0,2017-10-06
7,101318.0,muebles,sillería y tapicería,80.0,0.24,0.0,29.0,0.0,0.0,0.0,0.0,0.0,0.0,2017-10-07
30,101318.0,muebles,sillería y tapicería,80.0,0.24,0.15,78.0,5.0,0.77,0.0,0.0,0.0,0.0,2017-10-08
37,101318.0,muebles,sillería y tapicería,80.0,0.24,0.0,58.0,0.0,0.0,0.0,0.0,0.0,0.0,2017-10-09
31,101318.0,muebles,sillería y tapicería,80.0,0.24,0.0,4.0,0.0,0.0,0.0,0.0,0.0,0.0,2017-10-10
29,101318.0,muebles,sillería y tapicería,80.0,0.24,0.21,62.0,1.0,0.21,0.0,0.0,0.0,0.0,2017-10-11
25,101318.0,muebles,sillería y tapicería,80.0,0.24,0.0,96.0,0.0,0.0,0.0,0.0,0.0,0.0,2017-10-12
1,101318.0,muebles,sillería y tapicería,80.0,0.24,0.2,82.0,2.0,0.39,0.0,0.0,0.0,0.0,2017-10-13
32,101318.0,muebles,sillería y tapicería,80.0,0.24,0.0,98.0,0.0,0.0,0.0,0.0,0.0,0.0,2017-10-14
3,101318.0,muebles,sillería y tapicería,80.0,0.24,0.19,101.0,1.0,0.19,0.0,0.0,0.0,0.0,2017-10-15
38,101318.0,muebles,sillería y tapicería,80.0,0.24,0.29,59.0,1.0,0.29,0.0,0.0,0.0,0.0,2017-10-16
14,101318.0,muebles,sillería y tapicería,80.0,0.24,0.0,8.0,0.0,0.0,0.0,0.0,0.0,0.0,2017-10-17
353,101318.0,muebles,sillas,80.0,0.0,0.0,0.0,0.0,0.0,0.0,0.0,0.0,0.0,2017-10-18
354,101318.0,muebles,sillas,80.0,0.0,0.0,0.0,0.0,0.0,0.0,0.0,0.0,0.0,2017-10-19
355,101318.0,muebles,sillas,80.0,0.0,0.0,0.0,0.0,0.0,0.0,0.0,0.0,0.0,2017-10-20
356,101318.0,muebles,sillas,80.0,0.0,0.0,0.0,0.0,0.0,0.0,0.0,0.0,0.0,2017-10-21
357,101318.0,muebles,sillas,80.0,0.0,0.0,0.0,0.0,0.0,0.0,0.0,0.0,0.0,2017-10-22
358,101318.0,muebles,sillas,80.0,0.0,0.0,0.0,0.0,0.0,0.0,0.0,0.0,0.0,2017-10-23
359,101318.0,muebles,sillas,80.0,0.0,0.0,0.0,0.0,0.0,0.0,0.0,0.0,0.0,2017-10-24
9,101318.0,muebles,sillería y tapicería,80.0,0.24,0.2,11.0,1.0,0.2,0.0,0.0,0.0,0.0,2017-10-25
36,101318.0,muebles,sillería y tapicería,80.0,0.24,0.0,16.0,0.0,0.0,0.0,0.0,0.0,0.0,2017-10-26
23,101318.0,muebles,sillería y tapicería,80.0,0.24,0.0,18.0,0.0,0.0,0.0,0.0,0.0,0.0,2017-10-27
19,101318.0,muebles,sillería y tapicería,80.0,0.24,0.0,17.0,0.0,0.0,0.0,0.0,0.0,0.0,2017-10-28
360,101318.0,muebles,sillas,80.0,0.0,0.0,0.0,0.0,0.0,0.0,0.0,0.0,0.0,2017-10-29
361,101318.0,muebles,sillas,80.0,0.0,0.0,0.0,0.0,0.0,0.0,0.0,0.0,0.0,2017-10-30
12,101318.0,muebles,sillería y tapicería,80.0,0.24,0.0,7.0,0.0,0.0,0.0,0.0,0.0,0.0,2017-10-31
26,101318.0,muebles,sillería y tapicería,80.0,0.24,0.18,50.0,2.0,0.37,0.0,0.0,0.0,0.0,2017-11-01
33,101318.0,muebles,sillería y tapicería,80.0,0.24,0.0,56.0,0.0,0.0,0.0,0.0,0.0,0.0,2017-11-02
27,101318.0,muebles,sillería y tapicería,80.0,0.24,0.2,63.0,1.0,0.2,0.0,0.0,0.0,0.0,2017-11-03
34,101318.0,muebles,sillería y tapicería,80.0,0.24,0.17,110.0,3.0,0.5,0.0,0.0,0.0,0.0,2017-11-04
4,101318.0,muebles,sillería y tapicería,80.0,0.24,0.2,197.0,6.0,1.21,0.0,0.0,0.0,0.0,2017-11-05
8,101318.0,muebles,sillería y tapicería,80.0,0.24,0.0,140.0,0.0,0.0,0.0,0.0,0.0,0.0,2017-11-06
10,101318.0,muebles,sillería y tapicería,80.0,0.24,0.0,106.0,0.0,0.0,0.0,0.0,0.0,0.0,2017-11-07
13,101318.0,muebles,sillería y tapicería,80.0,0.24,0.29,102.0,1.0,0.29,0.0,0.0,0.0,0.0,2017-11-08
22,101318.0,muebles,sillería y tapicería,80.0,0.24,0.0,7.0,0.0,0.0,0.0,0.0,0.0,0.0,2017-11-09
362,101318.0,muebles,sillas,80.0,0.0,0.0,0.0,0.0,0.0,0.0,0.0,0.0,0.0,2017-11-10
363,101318.0,muebles,sillas,80.0,0.0,0.0,0.0,0.0,0.0,0.0,0.0,0.0,0.0,2017-11-11
364,101318.0,muebles,sillas,80.0,0.0,0.0,0.0,0.0,0.0,0.0,0.0,0.0,0.0,2017-11-12
365,101318.0,muebles,sillas,80.0,0.0,0.0,0.0,0.0,0.0,0.0,0.0,0.0,0.0,2017-11-13
366,101318.0,muebles,sillas,80.0,0.0,0.0,0.0,0.0,0.0,0.0,0.0,0.0,0.0,2017-11-14
367,101318.0,muebles,sillas,80.0,0.0,0.0,0.0,0.0,0.0,0.0,0.0,0.0,0.0,2017-11-15
16,101318.0,muebles,sillería y tapicería,80.0,0.24,0.0,17.0,0.0,0.0,0.0,0.0,0.0,0.0,2017-11-16
35,101318.0,muebles,sillería y tapicería,80.0,0.24,0.0,18.0,0.0,0.0,0.0,0.0,0.0,0.0,2017-11-17
17,101318.0,muebles,sillería y tapicería,80.0,0.24,0.2,62.0,3.0,0.59,0.0,0.0,0.0,0.0,2017-11-18
5,101318.0,muebles,sillería y tapicería,80.0,0.24,0.19,253.0,4.0,0.77,0.0,0.0,0.0,0.0,2017-11-19
15,101318.0,muebles,sillería y tapicería,80.0,0.24,0.0,24.0,0.0,0.0,0.0,0.0,0.0,0.0,2017-11-20
368,101318.0,muebles,sillas,80.0,0.0,0.0,0.0,0.0,0.0,0.0,0.0,0.0,0.0,2017-11-21
369,101318.0,muebles,sillas,80.0,0.0,0.0,0.0,0.0,0.0,0.0,0.0,0.0,0.0,2017-11-22
370,101318.0,muebles,sillas,80.0,0.0,0.0,0.0,0.0,0.0,0.0,0.0,0.0,0.0,2017-11-23
371,101318.0,muebles,sillas,80.0,0.0,0.0,0.0,0.0,0.0,0.0,0.0,0.0,0.0,2017-11-24
372,101318.0,muebles,sillas,80.0,0.0,0.0,0.0,0.0,0.0,0.0,0.0,0.0,0.0,2017-11-25
373,101318.0,muebles,sillas,80.0,0.0,0.0,0.0,0.0,0.0,0.0,0.0,0.0,0.0,2017-11-26
374,101318.0,muebles,sillas,80.0,0.0,0.0,0.0,0.0,0.0,0.0,0.0,0.0,0.0,2017-11-27
375,101318.0,muebles,sillas,80.0,0.0,0.0,0.0,0.0,0.0,0.0,0.0,0.0,0.0,2017-11-28
376,101318.0,muebles,sillas,80.0,0.0,0.0,0.0,0.0,0.0,0.0,0.0,0.0,0.0,2017-11-29
377,101318.0,muebles,sillas,80.0,0.0,0.0,0.0,0.0,0.0,0.0,0.0,0.0,0.0,2017-11-30
378,101318.0,muebles,sillas,80.0,0.0,0.0,0.0,0.0,0.0,0.0,0.0,0.0,0.0,2017-12-01
379,101318.0,muebles,sillas,80.0,0.0,0.0,0.0,0.0,0.0,0.0,0.0,0.0,0.0,2017-12-02
380,101318.0,muebles,sillas,80.0,0.0,0.0,0.0,0.0,0.0,0.0,0.0,0.0,0.0,2017-12-03
381,101318.0,muebles,sillas,80.0,0.0,0.0,0.0,0.0,0.0,0.0,0.0,0.0,0.0,2017-12-04
382,101318.0,muebles,sillas,80.0,0.0,0.0,0.0,0.0,0.0,0.0,0.0,0.0,0.0,2017-12-05
383,101318.0,muebles,sillas,80.0,0.0,0.0,0.0,0.0,0.0,0.0,0.0,0.0,0.0,2017-12-06
384,101318.0,muebles,sillas,80.0,0.0,0.0,0.0,0.0,0.0,0.0,0.0,0.0,0.0,2017-12-07
385,101318.0,muebles,sillas,80.0,0.0,0.0,0.0,0.0,0.0,0.0,0.0,0.0,0.0,2017-12-08
386,101318.0,muebles,sillas,80.0,0.0,0.0,0.0,0.0,0.0,0.0,0.0,0.0,0.0,2017-12-09
387,101318.0,muebles,sillas,80.0,0.0,0.0,0.0,0.0,0.0,0.0,0.0,0.0,0.0,2017-12-10
388,101318.0,muebles,sillas,80.0,0.0,0.0,0.0,0.0,0.0,0.0,0.0,0.0,0.0,2017-12-11
389,101318.0,muebles,sillas,80.0,0.0,0.0,0.0,0.0,0.0,0.0,0.0,0.0,0.0,2017-12-12
390,101318.0,muebles,sillas,80.0,0.0,0.0,0.0,0.0,0.0,0.0,0.0,0.0,0.0,2017-12-13
391,101318.0,muebles,sillas,80.0,0.0,0.0,0.0,0.0,0.0,0.0,0.0,0.0,0.0,2017-12-14
392,101318.0,muebles,sillas,80.0,0.0,0.0,0.0,0.0,0.0,0.0,0.0,0.0,0.0,2017-12-15
393,101318.0,muebles,sillas,80.0,0.0,0.0,0.0,0.0,0.0,0.0,0.0,0.0,0.0,2017-12-16
394,101318.0,muebles,sillas,80.0,0.0,0.0,0.0,0.0,0.0,0.0,0.0,0.0,0.0,2017-12-17
395,101318.0,muebles,sillas,80.0,0.0,0.0,0.0,0.0,0.0,0.0,0.0,0.0,0.0,2017-12-18
396,101318.0,muebles,sillas,80.0,0.0,0.0,0.0,0.0,0.0,0.0,0.0,0.0,0.0,2017-12-19
397,101318.0,muebles,sillas,80.0,0.0,0.0,0.0,0.0,0.0,0.0,0.0,0.0,0.0,2017-12-20
398,101318.0,muebles,sillas,80.0,0.0,0.0,0.0,0.0,0.0,0.0,0.0,0.0,0.0,2017-12-21
399,101318.0,muebles,sillas,80.0,0.0,0.0,0.0,0.0,0.0,0.0,0.0,0.0,0.0,2017-12-22
400,101318.0,muebles,sillas,80.0,0.0,0.0,0.0,0.0,0.0,0.0,0.0,0.0,0.0,2017-12-23
401,101318.0,muebles,sillas,80.0,0.0,0.0,0.0,0.0,0.0,0.0,0.0,0.0,0.0,2017-12-24
402,101318.0,muebles,sillas,80.0,0.0,0.0,0.0,0.0,0.0,0.0,0.0,0.0,0.0,2017-12-25
403,101318.0,muebles,sillas,80.0,0.0,0.0,0.0,0.0,0.0,0.0,0.0,0.0,0.0,2017-12-26
404,101318.0,muebles,sillas,80.0,0.0,0.0,0.0,0.0,0.0,0.0,0.0,0.0,0.0,2017-12-27
405,101318.0,muebles,sillas,80.0,0.0,0.0,0.0,0.0,0.0,0.0,0.0,0.0,0.0,2017-12-28
406,101318.0,muebles,sillas,80.0,0.0,0.0,0.0,0.0,0.0,0.0,0.0,0.0,0.0,2017-12-29
407,101318.0,muebles,sillas,80.0,0.0,0.0,0.0,0.0,0.0,0.0,0.0,0.0,0.0,2017-12-30
408,101318.0,muebles,sillas,80.0,0.0,0.0,0.0,0.0,0.0,0.0,0.0,0.0,0.0,2017-12-31
409,101318.0,muebles,sillas,80.0,0.0,0.0,0.0,0.0,0.0,0.0,0.0,0.0,0.0,2018-01-01
410,101318.0,muebles,sillas,80.0,0.0,0.0,0.0,0.0,0.0,0.0,0.0,0.0,0.0,2018-01-02
411,101318.0,muebles,sillas,80.0,0.0,0.0,0.0,0.0,0.0,0.0,0.0,0.0,0.0,2018-01-03
412,101318.0,muebles,sillas,80.0,0.0,0.0,0.0,0.0,0.0,0.0,0.0,0.0,0.0,2018-01-04
413,101318.0,muebles,sillas,80.0,0.0,0.0,0.0,0.0,0.0,0.0,0.0,0.0,0.0,2018-01-05
414,101318.0,muebles,sillas,80.0,0.0,0.0,0.0,0.0,0.0,0.0,0.0,0.0,0.0,2018-01-06
415,101318.0,muebles,sillas,80.0,0.0,0.0,0.0,0.0,0.0,0.0,0.0,0.0,0.0,2018-01-07
416,101318.0,muebles,sillas,80.0,0.0,0.0,0.0,0.0,0.0,0.0,0.0,0.0,0.0,2018-01-08
417,101318.0,muebles,sillas,80.0,0.0,0.0,0.0,0.0,0.0,0.0,0.0,0.0,0.0,2018-01-09
418,101318.0,muebles,sillas,80.0,0.0,0.0,0.0,0.0,0.0,0.0,0.0,0.0,0.0,2018-01-10
419,101318.0,muebles,sillas,80.0,0.0,0.0,0.0,0.0,0.0,0.0,0.0,0.0,0.0,2018-01-11
420,101318.0,muebles,sillas,80.0,0.0,0.0,0.0,0.0,0.0,0.0,0.0,0.0,0.0,2018-01-12
421,101318.0,muebles,sillas,80.0,0.0,0.0,0.0,0.0,0.0,0.0,0.0,0.0,0.0,2018-01-13
422,101318.0,muebles,sillas,80.0,0.0,0.0,0.0,0.0,0.0,0.0,0.0,0.0,0.0,2018-01-14
423,101318.0,muebles,sillas,80.0,0.0,0.0,0.0,0.0,0.0,0.0,0.0,0.0,0.0,2018-01-15
424,101318.0,muebles,sillas,80.0,0.0,0.0,0.0,0.0,0.0,0.0,0.0,0.0,0.0,2018-01-16
425,101318.0,muebles,sillas,80.0,0.0,0.0,0.0,0.0,0.0,0.0,0.0,0.0,0.0,2018-01-17
426,101318.0,muebles,sillas,80.0,0.0,0.0,0.0,0.0,0.0,0.0,0.0,0.0,0.0,2018-01-18
427,101318.0,muebles,sillas,80.0,0.0,0.0,0.0,0.0,0.0,0.0,0.0,0.0,0.0,2018-01-19
428,101318.0,muebles,sillas,80.0,0.0,0.0,0.0,0.0,0.0,0.0,0.0,0.0,0.0,2018-01-20
429,101318.0,muebles,sillas,80.0,0.0,0.0,0.0,0.0,0.0,0.0,0.0,0.0,0.0,2018-01-21
430,101318.0,muebles,sillas,80.0,0.0,0.0,0.0,0.0,0.0,0.0,0.0,0.0,0.0,2018-01-22
431,101318.0,muebles,sillas,80.0,0.0,0.0,0.0,0.0,0.0,0.0,0.0,0.0,0.0,2018-01-23
432,101318.0,muebles,sillas,80.0,0.0,0.0,0.0,0.0,0.0,0.0,0.0,0.0,0.0,2018-01-24
433,101318.0,muebles,sillas,80.0,0.0,0.0,0.0,0.0,0.0,0.0,0.0,0.0,0.0,2018-01-25
434,101318.0,muebles,sillas,80.0,0.0,0.0,0.0,0.0,0.0,0.0,0.0,0.0,0.0,2018-01-26
435,101318.0,muebles,sillas,80.0,0.0,0.0,0.0,0.0,0.0,0.0,0.0,0.0,0.0,2018-01-27
436,101318.0,muebles,sillas,80.0,0.0,0.0,0.0,0.0,0.0,0.0,0.0,0.0,0.0,2018-01-28
437,101318.0,muebles,sillas,80.0,0.0,0.0,0.0,0.0,0.0,0.0,0.0,0.0,0.0,2018-01-29
438,101318.0,muebles,sillas,80.0,0.0,0.0,0.0,0.0,0.0,0.0,0.0,0.0,0.0,2018-01-30
439,101318.0,muebles,sillas,80.0,0.0,0.0,0.0,0.0,0.0,0.0,0.0,0.0,0.0,2018-01-31
2,101318.0,muebles,sillas,60.0,0.24,0.0,2.0,0.0,0.0,0.0,0.0,0.0,0.0,2018-02-01
11,101318.0,muebles,sillas,60.0,0.24,0.18,20.0,1.0,0.18,0.0,0.0,0.0,0.0,2018-02-02
20,101318.0,muebles,sillas,60.0,0.24,0.0,103.0,0.0,0.0,0.0,0.0,0.0,0.0,2018-02-03
24,101318.0,muebles,sillas,60.0,0.24,0.18,140.0,4.0,0.72,0.0,0.0,0.0,0.0,2018-02-04
66,101318.0,muebles,sillas,60.0,0.24,0.0,6.0,0.0,0.0,0.0,0.0,0.0,0.0,2018-02-05
65,101318.0,muebles,sillas,80.0,0.24,0.26,81.0,1.0,0.26,0.0,0.0,0.0,0.0,2018-02-05
89,101318.0,muebles,sillas,80.0,0.24,0.23,38.0,1.0,0.23,0.0,0.0,0.0,0.0,2018-02-06
90,101318.0,muebles,sillas,60.0,0.24,0.0,64.0,0.0,0.0,0.0,0.0,0.0,0.0,2018-02-06
72,101318.0,muebles,sillas,60.0,0.24,0.15,52.0,2.0,0.3,0.0,0.0,0.0,0.0,2018-02-07
135,101318.0,muebles,sillas,60.0,0.24,0.18,134.0,1.0,0.18,0.0,0.0,0.0,0.0,2018-02-08
101,101318.0,muebles,sillas,60.0,0.24,0.17,141.0,3.0,0.52,0.0,0.0,0.0,0.0,2018-02-09
140,101318.0,muebles,sillas,60.0,0.24,0.17,190.0,5.0,0.87,0.0,0.0,0.0,0.0,2018-02-10
157,101318.0,muebles,sillas,60.0,0.24,0.16,249.0,8.0,1.32,1.0,1.0,215.6,215.6,2018-02-11
148,101318.0,muebles,sillas,60.0,0.24,0.16,230.0,11.0,1.75,0.0,0.0,0.0,0.0,2018-02-12
80,101318.0,muebles,sillas,60.0,0.24,0.14,509.0,2.0,0.27,0.0,0.0,0.0,0.0,2018-02-13
75,101318.0,muebles,sillas,60.0,0.24,0.26,263.0,1.0,0.26,0.0,0.0,0.0,0.0,2018-02-14
95,101318.0,muebles,sillas,60.0,0.24,0.23,118.0,3.0,0.69,0.0,0.0,0.0,0.0,2018-02-15
76,101318.0,muebles,sillas,60.0,0.24,0.18,276.0,2.0,0.35,0.0,0.0,0.0,0.0,2018-02-16
104,101318.0,muebles,sillas,60.0,0.24,0.16,189.0,2.0,0.31,0.0,0.0,0.0,0.0,2018-02-17
134,101318.0,muebles,sillas,60.0,0.24,0.17,19.0,1.0,0.17,0.0,0.0,0.0,0.0,2018-02-18
133,101318.0,muebles,sillas,60.0,0.24,0.0,114.0,0.0,0.0,0.0,0.0,0.0,0.0,2018-02-19
110,101318.0,muebles,sillas,60.0,0.24,0.18,38.0,1.0,0.18,0.0,0.0,0.0,0.0,2018-02-20
109,101318.0,muebles,sillas,80.0,0.24,0.0,380.0,0.0,0.0,0.0,0.0,0.0,0.0,2018-02-20
41,101318.0,muebles,sillas,80.0,0.24,0.26,172.0,2.0,0.52,0.0,0.0,0.0,0.0,2018-02-21
168,101318.0,muebles,sillas,80.0,0.24,0.17,82.0,1.0,0.17,0.0,0.0,0.0,0.0,2018-02-22
93,101318.0,muebles,sillas,80.0,0.24,0.0,34.0,0.0,0.0,0.0,0.0,0.0,0.0,2018-02-23
147,101318.0,muebles,sillas,80.0,0.24,0.0,64.0,0.0,0.0,0.0,0.0,0.0,0.0,2018-02-24
127,101318.0,muebles,sillas,80.0,0.24,0.17,80.0,1.0,0.17,0.0,0.0,0.0,0.0,2018-02-25
117,101318.0,muebles,sillas,80.0,0.24,0.17,88.0,2.0,0.34,0.0,0.0,0.0,0.0,2018-02-26
64,101318.0,muebles,sillas,80.0,0.24,0.0,65.0,0.0,0.0,0.0,0.0,0.0,0.0,2018-02-27
192,101318.0,muebles,sillas,80.0,0.24,0.0,55.0,0.0,0.0,0.0,0.0,0.0,0.0,2018-02-28
99,101318.0,muebles,sillas,80.0,0.24,0.24,36.0,2.0,0.49,0.0,0.0,0.0,0.0,2018-03-01
123,101318.0,muebles,sillas,80.0,0.24,0.0,48.0,0.0,0.0,0.0,0.0,0.0,0.0,2018-03-02
71,101318.0,muebles,sillas,80.0,0.24,0.16,56.0,2.0,0.32,0.0,0.0,0.0,0.0,2018-03-03
115,101318.0,muebles,sillas,80.0,0.24,0.18,69.0,4.0,0.74,0.0,0.0,0.0,0.0,2018-03-04
51,101318.0,muebles,sillas,80.0,0.24,0.17,74.0,1.0,0.17,0.0,0.0,0.0,0.0,2018-03-05
125,101318.0,muebles,sillas,80.0,0.24,0.18,67.0,2.0,0.36,0.0,0.0,0.0,0.0,2018-03-06
84,101318.0,muebles,sillas,80.0,0.24,0.17,43.0,1.0,0.17,0.0,0.0,0.0,0.0,2018-03-07
122,101318.0,muebles,sillas,80.0,0.24,0.25,60.0,1.0,0.25,0.0,0.0,0.0,0.0,2018-03-08
77,101318.0,muebles,sillas,80.0,0.24,0.17,76.0,3.0,0.52,0.0,0.0,0.0,0.0,2018-03-09
60,101318.0,muebles,sillas,80.0,0.24,0.17,109.0,1.0,0.17,0.0,0.0,0.0,0.0,2018-03-10
63,101318.0,muebles,sillas,80.0,0.24,0.17,93.0,3.0,0.51,0.0,0.0,0.0,0.0,2018-03-11
150,101318.0,muebles,sillas,80.0,0.24,0.17,105.0,4.0,0.67,0.0,0.0,0.0,0.0,2018-03-12
118,101318.0,muebles,sillas,80.0,0.24,0.19,178.0,3.0,0.58,0.0,0.0,0.0,0.0,2018-03-13
131,101318.0,muebles,sillas,80.0,0.24,0.18,193.0,2.0,0.35,0.0,0.0,0.0,0.0,2018-03-14
82,101318.0,muebles,sillas,80.0,0.24,0.0,14.0,0.0,0.0,0.0,0.0,0.0,0.0,2018-03-15
440,101318.0,muebles,sillas,80.0,0.0,0.0,0.0,0.0,0.0,0.0,0.0,0.0,0.0,2018-03-16
441,101318.0,muebles,sillas,80.0,0.0,0.0,0.0,0.0,0.0,0.0,0.0,0.0,0.0,2018-03-17
442,101318.0,muebles,sillas,80.0,0.0,0.0,0.0,0.0,0.0,0.0,0.0,0.0,0.0,2018-03-18
443,101318.0,muebles,sillas,80.0,0.0,0.0,0.0,0.0,0.0,0.0,0.0,0.0,0.0,2018-03-19
444,101318.0,muebles,sillas,80.0,0.0,0.0,0.0,0.0,0.0,0.0,0.0,0.0,0.0,2018-03-20
445,101318.0,muebles,sillas,80.0,0.0,0.0,0.0,0.0,0.0,0.0,0.0,0.0,0.0,2018-03-21
446,101318.0,muebles,sillas,80.0,0.0,0.0,0.0,0.0,0.0,0.0,0.0,0.0,0.0,2018-03-22
447,101318.0,muebles,sillas,80.0,0.0,0.0,0.0,0.0,0.0,0.0,0.0,0.0,0.0,2018-03-23
448,101318.0,muebles,sillas,80.0,0.0,0.0,0.0,0.0,0.0,0.0,0.0,0.0,0.0,2018-03-24
449,101318.0,muebles,sillas,80.0,0.0,0.0,0.0,0.0,0.0,0.0,0.0,0.0,0.0,2018-03-25
450,101318.0,muebles,sillas,80.0,0.0,0.0,0.0,0.0,0.0,0.0,0.0,0.0,0.0,2018-03-26
196,101318.0,muebles,sillas,80.0,0.2,0.25,30.0,1.0,0.25,0.0,0.0,0.0,0.0,2018-03-27
183,101318.0,muebles,sillas,80.0,0.2,0.25,56.0,1.0,0.25,0.0,0.0,0.0,0.0,2018-03-28
185,101318.0,muebles,sillas,80.0,0.2,0.24,127.0,2.0,0.47,0.0,0.0,0.0,0.0,2018-03-29
174,101318.0,muebles,sillas,80.0,0.2,0.25,151.0,1.0,0.25,0.0,0.0,0.0,0.0,2018-03-30
208,101318.0,muebles,sillas,80.0,0.2,0.23,242.0,3.0,0.68,0.0,0.0,0.0,0.0,2018-03-31
88,101318.0,muebles,sillas,80.0,0.2,0.19,237.0,2.0,0.38,0.0,0.0,0.0,0.0,2018-04-01
119,101318.0,muebles,sillas,80.0,0.2,0.25,227.0,6.0,1.48,0.0,0.0,0.0,0.0,2018-04-02
179,101318.0,muebles,sillas,80.0,0.2,0.25,280.0,4.0,1.0,0.0,0.0,0.0,0.0,2018-04-03
116,101318.0,muebles,sillas,80.0,0.2,0.25,297.0,3.0,0.75,0.0,0.0,0.0,0.0,2018-04-04
162,101318.0,muebles,sillas,80.0,0.2,0.25,430.0,2.0,0.5,0.0,0.0,0.0,0.0,2018-04-05
199,101318.0,muebles,sillas,80.0,0.2,0.18,287.0,1.0,0.18,0.0,0.0,0.0,0.0,2018-04-06
155,101318.0,muebles,sillas,80.0,0.2,0.25,285.0,2.0,0.5,0.0,0.0,0.0,0.0,2018-04-07
182,101318.0,muebles,sillas,80.0,0.2,0.25,218.0,2.0,0.5,0.0,0.0,0.0,0.0,2018-04-08
167,101318.0,muebles,sillas,80.0,0.2,0.22,222.0,6.0,1.31,0.0,1.0,0.0,0.0,2018-04-09
48,101318.0,muebles,sillas,80.0,0.2,0.24,620.0,5.0,1.2,0.0,0.0,0.0,0.0,2018-04-10
197,101318.0,muebles,sillas,80.0,0.2,0.24,316.0,3.0,0.71,0.0,0.0,0.0,0.0,2018-04-11
58,101318.0,muebles,sillas,80.0,0.2,0.0,443.0,0.0,0.0,0.0,0.0,0.0,0.0,2018-04-12
126,101318.0,muebles,sillas,80.0,0.2,0.21,142.0,3.0,0.64,0.0,0.0,0.0,0.0,2018-04-13
189,101318.0,muebles,sillas,80.0,0.2,0.0,151.0,0.0,0.0,0.0,0.0,0.0,0.0,2018-04-14
190,101318.0,muebles,sillas,80.0,0.2,0.25,83.0,3.0,0.75,0.0,1.0,0.0,0.0,2018-04-15
98,101318.0,muebles,sillas,80.0,0.2,0.24,217.0,2.0,0.48,0.0,0.0,0.0,0.0,2018-04-16
193,101318.0,muebles,sillas,80.0,0.2,0.24,81.0,2.0,0.49,0.0,0.0,0.0,0.0,2018-04-17
121,101318.0,muebles,sillas,80.0,0.2,0.22,100.0,1.0,0.22,0.0,0.0,0.0,0.0,2018-04-18
124,101318.0,muebles,sillas,80.0,0.2,0.2,319.0,4.0,0.78,0.0,0.0,0.0,0.0,2018-04-19
201,101318.0,muebles,sillas,80.0,0.2,0.25,243.0,1.0,0.25,0.0,0.0,0.0,0.0,2018-04-20
204,101318.0,muebles,sillas,80.0,0.2,0.25,335.0,1.0,0.25,0.0,0.0,0.0,0.0,2018-04-21
186,101318.0,muebles,sillas,80.0,0.2,0.2,414.0,5.0,1.0,0.0,0.0,0.0,0.0,2018-04-22
137,101318.0,muebles,sillas,80.0,0.2,0.0,286.0,0.0,0.0,0.0,0.0,0.0,0.0,2018-04-23
200,101318.0,muebles,sillas,80.0,0.2,0.24,267.0,4.0,0.97,0.0,0.0,0.0,0.0,2018-04-24
139,101318.0,muebles,sillas,80.0,0.2,0.25,373.0,2.0,0.5,0.0,0.0,0.0,0.0,2018-04-25
191,101318.0,muebles,sillas,80.0,0.2,0.24,271.0,3.0,0.71,0.0,0.0,0.0,0.0,2018-04-26
164,101318.0,muebles,sillas,80.0,0.2,0.0,252.0,0.0,0.0,0.0,0.0,0.0,0.0,2018-04-27
158,101318.0,muebles,sillas,80.0,0.2,0.24,183.0,2.0,0.49,0.0,0.0,0.0,0.0,2018-04-28
156,101318.0,muebles,sillas,80.0,0.2,0.23,255.0,6.0,1.39,0.0,0.0,0.0,0.0,2018-04-29
194,101318.0,muebles,sillas,80.0,0.2,0.22,382.0,3.0,0.65,0.0,0.0,0.0,0.0,2018-04-30
188,101318.0,muebles,sillas,80.0,0.2,0.23,883.0,11.0,2.53,0.0,1.0,0.0,0.0,2018-05-01
203,101318.0,muebles,sillas,80.0,0.2,0.14,254.0,1.0,0.14,0.0,0.0,0.0,0.0,2018-05-02
154,101318.0,muebles,sillas,80.0,0.2,0.25,847.0,3.0,0.75,0.0,0.0,0.0,0.0,2018-05-03
97,101318.0,muebles,sillas,80.0,0.2,0.23,394.0,5.0,1.17,0.0,0.0,0.0,0.0,2018-05-04
181,101318.0,muebles,sillas,80.0,0.2,0.23,557.0,10.0,2.26,0.0,0.0,0.0,0.0,2018-05-05
187,101318.0,muebles,sillas,80.0,0.2,0.16,446.0,9.0,1.46,0.0,0.0,0.0,0.0,2018-05-06
202,101318.0,muebles,sillas,80.0,0.2,0.22,398.0,3.0,0.65,0.0,0.0,0.0,0.0,2018-05-07
107,101318.0,muebles,sillas,80.0,0.2,0.24,798.0,5.0,1.19,0.0,0.0,0.0,0.0,2018-05-08
136,101318.0,muebles,sillas,80.0,0.2,0.24,409.0,6.0,1.45,0.0,0.0,0.0,0.0,2018-05-09
55,101318.0,muebles,sillas,80.0,0.2,0.16,433.0,2.0,0.31,0.0,0.0,0.0,0.0,2018-05-10
52,101318.0,muebles,sillas,80.0,0.2,0.24,279.0,2.0,0.48,0.0,0.0,0.0,0.0,2018-05-11
62,101318.0,muebles,sillas,80.0,0.2,0.24,321.0,4.0,0.96,0.0,0.0,0.0,0.0,2018-05-12
85,101318.0,muebles,sillas,80.0,0.2,0.24,480.0,6.0,1.42,0.0,0.0,0.0,0.0,2018-05-13
50,101318.0,muebles,sillas,80.0,0.2,0.21,341.0,3.0,0.62,0.0,0.0,0.0,0.0,2018-05-14
132,101318.0,muebles,sillas,80.0,0.2,0.25,218.0,2.0,0.5,0.0,0.0,0.0,0.0,2018-05-15
209,101318.0,muebles,sillas,80.0,0.2,0.24,268.0,2.0,0.47,0.0,0.0,0.0,0.0,2018-05-16
195,101318.0,muebles,sillas,80.0,0.2,0.24,261.0,4.0,0.98,0.0,0.0,0.0,0.0,2018-05-17
113,101318.0,muebles,sillas,80.0,0.2,0.09,256.0,3.0,0.26,0.0,0.0,0.0,0.0,2018-05-18
128,101318.0,muebles,sillas,80.0,0.2,0.17,274.0,5.0,0.84,0.0,0.0,0.0,0.0,2018-05-19
142,101318.0,muebles,sillas,80.0,0.2,0.22,344.0,1.0,0.22,0.0,0.0,0.0,0.0,2018-05-20
170,101318.0,muebles,sillas,80.0,0.2,0.24,244.0,2.0,0.49,0.0,0.0,0.0,0.0,2018-05-21
159,101318.0,muebles,sillas,80.0,0.2,0.24,190.0,3.0,0.71,0.0,0.0,0.0,0.0,2018-05-22
207,101318.0,muebles,sillas,80.0,0.2,0.0,110.0,0.0,0.0,0.0,0.0,0.0,0.0,2018-05-23
169,101318.0,muebles,sillas,80.0,0.2,0.2,122.0,2.0,0.39,0.0,0.0,0.0,0.0,2018-05-24
173,101318.0,muebles,sillas,80.0,0.2,0.24,364.0,6.0,1.41,0.0,0.0,0.0,0.0,2018-05-25
42,101318.0,muebles,sillas,80.0,0.2,0.29,536.0,10.0,2.9,0.0,0.0,0.0,0.0,2018-05-26
152,101318.0,muebles,sillas,80.0,0.2,0.27,818.0,10.0,2.67,0.0,0.0,0.0,0.0,2018-05-27
198,101318.0,muebles,sillas,80.0,0.2,0.23,720.0,3.0,0.7,0.0,0.0,0.0,0.0,2018-05-28
176,101318.0,muebles,sillas,80.0,0.2,0.24,687.0,11.0,2.64,0.0,0.0,0.0,0.0,2018-05-29
151,101318.0,muebles,sillas,80.0,0.2,0.27,384.0,1.0,0.27,0.0,0.0,0.0,0.0,2018-05-30
143,101318.0,muebles,sillas,80.0,0.02,0.0,4.0,0.0,0.0,0.0,0.0,0.0,0.0,2018-05-31
205,101318.0,muebles,sillas,80.0,0.2,0.2,366.0,7.0,1.43,0.0,0.0,0.0,0.0,2018-06-01
211,101318.0,muebles,sillas,80.0,0.2,0.24,734.0,6.0,1.46,0.0,1.0,0.0,0.0,2018-06-02
163,101318.0,muebles,sillas,80.0,0.2,0.28,1092.0,13.0,3.7,0.0,0.0,0.0,0.0,2018-06-03
210,101318.0,muebles,sillas,80.0,0.2,0.26,733.0,5.0,1.28,0.0,0.0,0.0,0.0,2018-06-04
68,101318.0,muebles,sillas,80.0,0.2,0.3,203.0,1.0,0.3,0.0,0.0,0.0,0.0,2018-06-05
67,101318.0,muebles,sillas,80.0,0.3,0.29,270.0,3.0,0.88,0.0,0.0,0.0,0.0,2018-06-05
206,101318.0,muebles,sillas,80.0,0.3,0.2,847.0,2.0,0.39,0.0,0.0,0.0,0.0,2018-06-06
172,101318.0,muebles,sillas,80.0,0.3,0.16,600.0,4.0,0.62,0.0,0.0,0.0,0.0,2018-06-07
79,101318.0,muebles,sillas,80.0,0.3,0.24,107.0,3.0,0.71,0.0,0.0,0.0,0.0,2018-06-08
69,101318.0,muebles,sillas,80.0,0.3,0.27,800.0,8.0,2.14,0.0,0.0,0.0,0.0,2018-06-09
129,101318.0,muebles,sillas,80.0,0.3,0.24,1093.0,7.0,1.66,0.0,0.0,0.0,0.0,2018-06-10
180,101318.0,muebles,sillas,80.0,0.3,0.3,746.0,5.0,1.48,0.0,0.0,0.0,0.0,2018-06-11
54,101318.0,muebles,sillas,80.0,0.3,0.25,833.0,4.0,1.0,0.0,0.0,0.0,0.0,2018-06-12
94,101318.0,muebles,sillas,80.0,0.3,0.23,718.0,7.0,1.58,0.0,0.0,0.0,0.0,2018-06-13
141,101318.0,muebles,sillas,80.0,0.3,0.27,768.0,5.0,1.34,0.0,0.0,0.0,0.0,2018-06-14
178,101318.0,muebles,sillas,80.0,0.3,0.22,714.0,3.0,0.66,0.0,0.0,0.0,0.0,2018-06-15
74,101318.0,muebles,sillas,80.0,0.3,0.28,1203.0,10.0,2.81,0.0,0.0,0.0,0.0,2018-06-16
153,101318.0,muebles,sillas,80.0,0.3,0.29,1264.0,14.0,4.1,0.0,1.0,0.0,0.0,2018-06-17
130,101318.0,muebles,sillas,80.0,0.3,0.29,1012.0,8.0,2.33,0.0,0.0,0.0,0.0,2018-06-18
108,101318.0,muebles,sillas,80.0,0.3,0.25,1065.0,8.0,1.98,0.0,0.0,0.0,0.0,2018-06-19
165,101318.0,muebles,sillas,80.0,0.3,0.23,791.0,4.0,0.93,0.0,0.0,0.0,0.0,2018-06-20
45,101318.0,muebles,sillas,80.0,0.3,0.23,697.0,2.0,0.46,0.0,0.0,0.0,0.0,2018-06-21
106,101318.0,muebles,sillas,80.0,0.3,0.3,699.0,4.0,1.22,0.0,0.0,0.0,0.0,2018-06-22
120,101318.0,muebles,sillas,80.0,0.3,0.29,839.0,9.0,2.58,0.0,0.0,0.0,0.0,2018-06-23
166,101318.0,muebles,sillas,80.0,0.3,0.28,1045.0,5.0,1.41,0.0,0.0,0.0,0.0,2018-06-24
86,101318.0,muebles,sillas,80.0,0.3,0.24,1096.0,11.0,2.69,0.0,0.0,0.0,0.0,2018-06-25
47,101318.0,muebles,sillas,80.0,0.3,0.28,1295.0,3.0,0.85,0.0,0.0,0.0,0.0,2018-06-26
70,101318.0,muebles,sillas,80.0,0.3,0.25,1090.0,7.0,1.73,0.0,0.0,0.0,0.0,2018-06-27
91,101318.0,muebles,sillas,80.0,0.3,0.29,917.0,2.0,0.58,0.0,0.0,0.0,0.0,2018-06-28
81,101318.0,muebles,sillas,80.0,0.3,0.37,642.0,2.0,0.74,0.0,0.0,0.0,0.0,2018-06-29
105,101318.0,muebles,sillas,80.0,0.3,0.38,1063.0,1.0,0.38,0.0,0.0,0.0,0.0,2018-06-30
61,101318.0,muebles,sillas,80.0,0.3,0.38,1063.0,7.0,2.65,0.0,0.0,0.0,0.0,2018-07-01
161,101318.0,muebles,sillas,80.0,0.3,0.34,969.0,4.0,1.34,0.0,1.0,0.0,0.0,2018-07-02
175,101318.0,muebles,sillas,80.0,0.3,0.3,1008.0,3.0,0.89,0.0,0.0,0.0,0.0,2018-07-03
53,101318.0,muebles,sillas,80.0,0.3,0.32,1054.0,3.0,0.97,0.0,0.0,0.0,0.0,2018-07-04
49,101318.0,muebles,sillas,80.0,0.3,0.22,872.0,3.0,0.65,0.0,0.0,0.0,0.0,2018-07-05
57,101318.0,muebles,sillas,80.0,0.3,0.32,753.0,2.0,0.63,0.0,0.0,0.0,0.0,2018-07-06
78,101318.0,muebles,sillas,80.0,0.3,0.31,841.0,9.0,2.76,0.0,0.0,0.0,0.0,2018-07-07
112,101318.0,muebles,sillas,80.0,0.3,0.24,1064.0,6.0,1.47,0.0,0.0,0.0,0.0,2018-07-08
39,101318.0,muebles,sillas,80.0,0.3,0.31,842.0,8.0,2.51,0.0,0.0,0.0,0.0,2018-07-09
160,101318.0,muebles,sillas,80.0,0.3,0.3,1217.0,8.0,2.36,0.0,0.0,0.0,0.0,2018-07-10
44,101318.0,muebles,sillas,80.0,0.3,0.29,1292.0,12.0,3.5,0.0,0.0,0.0,0.0,2018-07-11
177,101318.0,muebles,sillas,80.0,0.3,0.27,1154.0,6.0,1.6,0.0,0.0,0.0,0.0,2018-07-12
96,101318.0,muebles,sillas,80.0,0.3,0.35,1184.0,8.0,2.82,0.0,0.0,0.0,0.0,2018-07-13
83,101318.0,muebles,sillas,80.0,0.3,0.28,1394.0,4.0,1.13,0.0,0.0,0.0,0.0,2018-07-14
103,101318.0,muebles,sillas,80.0,0.3,0.31,1422.0,6.0,1.85,0.0,0.0,0.0,0.0,2018-07-15
138,101318.0,muebles,sillas,80.0,0.3,0.38,1215.0,4.0,1.5,0.0,0.0,0.0,0.0,2018-07-16
43,101318.0,muebles,sillas,80.0,0.3,0.33,1310.0,8.0,2.63,0.0,1.0,0.0,0.0,2018-07-17
73,101318.0,muebles,sillas,80.0,0.3,0.34,1338.0,6.0,2.02,0.0,0.0,0.0,0.0,2018-07-18
111,101318.0,muebles,sillas,80.0,0.3,0.33,1267.0,4.0,1.31,0.0,0.0,0.0,0.0,2018-07-19
149,101318.0,muebles,sillas,80.0,0.3,0.32,1201.0,5.0,1.62,0.0,0.0,0.0,0.0,2018-07-20
146,101318.0,muebles,sillas,80.0,0.3,0.31,1684.0,11.0,3.37,0.0,1.0,0.0,0.0,2018-07-21
102,101318.0,muebles,sillas,80.0,0.3,0.32,2088.0,9.0,2.86,0.0,0.0,0.0,0.0,2018-07-22
144,101318.0,muebles,sillas,80.0,0.3,0.35,2068.0,9.0,3.12,0.0,1.0,0.0,0.0,2018-07-23
59,101318.0,muebles,sillas,80.0,0.3,0.36,1676.0,8.0,2.86,1.0,2.0,206.5,206.5,2018-07-24
56,101318.0,muebles,sillas,80.0,0.3,0.35,1395.0,14.0,4.88,1.0,2.0,67.3,67.3,2018-07-25
100,101318.0,muebles,sillas,80.0,0.3,0.31,1777.0,9.0,2.77,0.0,1.0,0.0,0.0,2018-07-26
184,101318.0,muebles,sillas,80.0,0.3,0.32,2086.0,14.0,4.53,0.0,0.0,0.0,0.0,2018-07-27
145,101318.0,muebles,sillas,80.0,0.3,0.29,2678.0,22.0,6.35,1.0,1.0,266.56,266.56,2018-07-28
92,101318.0,muebles,sillas,80.0,0.3,0.32,3052.0,24.0,7.57,0.0,0.0,0.0,0.0,2018-07-29
87,101318.0,muebles,sillas,80.0,0.3,0.34,2895.0,8.0,2.74,0.0,0.0,0.0,0.0,2018-07-30
114,101318.0,muebles,sillas,80.0,0.3,0.38,2294.0,4.0,1.5,0.0,0.0,0.0,0.0,2018-07-31
40,101318.0,muebles,sillas,80.0,0.3,0.35,778.0,5.0,1.76,0.0,0.0,0.0,0.0,2018-08-01
451,101318.0,muebles,sillas,80.0,0.0,0.0,0.0,0.0,0.0,0.0,0.0,0.0,0.0,2018-08-02
452,101318.0,muebles,sillas,80.0,0.0,0.0,0.0,0.0,0.0,0.0,0.0,0.0,0.0,2018-08-03
453,101318.0,muebles,sillas,80.0,0.0,0.0,0.0,0.0,0.0,0.0,0.0,0.0,0.0,2018-08-04
454,101318.0,muebles,sillas,80.0,0.0,0.0,0.0,0.0,0.0,0.0,0.0,0.0,0.0,2018-08-05
455,101318.0,muebles,sillas,80.0,0.0,0.0,0.0,0.0,0.0,0.0,0.0,0.0,0.0,2018-08-06
456,101318.0,muebles,sillas,80.0,0.0,0.0,0.0,0.0,0.0,0.0,0.0,0.0,0.0,2018-08-07
457,101318.0,muebles,sillas,80.0,0.0,0.0,0.0,0.0,0.0,0.0,0.0,0.0,0.0,2018-08-08
458,101318.0,muebles,sillas,80.0,0.0,0.0,0.0,0.0,0.0,0.0,0.0,0.0,0.0,2018-08-09
459,101318.0,muebles,sillas,80.0,0.0,0.0,0.0,0.0,0.0,0.0,0.0,0.0,0.0,2018-08-10
460,101318.0,muebles,sillas,80.0,0.0,0.0,0.0,0.0,0.0,0.0,0.0,0.0,0.0,2018-08-11
461,101318.0,muebles,sillas,80.0,0.0,0.0,0.0,0.0,0.0,0.0,0.0,0.0,0.0,2018-08-12
462,101318.0,muebles,sillas,80.0,0.0,0.0,0.0,0.0,0.0,0.0,0.0,0.0,0.0,2018-08-13
463,101318.0,muebles,sillas,80.0,0.0,0.0,0.0,0.0,0.0,0.0,0.0,0.0,0.0,2018-08-14
464,101318.0,muebles,sillas,80.0,0.0,0.0,0.0,0.0,0.0,0.0,0.0,0.0,0.0,2018-08-15
465,101318.0,muebles,sillas,80.0,0.0,0.0,0.0,0.0,0.0,0.0,0.0,0.0,0.0,2018-08-16
466,101318.0,muebles,sillas,80.0,0.0,0.0,0.0,0.0,0.0,0.0,0.0,0.0,0.0,2018-08-17
467,101318.0,muebles,sillas,80.0,0.0,0.0,0.0,0.0,0.0,0.0,0.0,0.0,0.0,2018-08-18
468,101318.0,muebles,sillas,80.0,0.0,0.0,0.0,0.0,0.0,0.0,0.0,0.0,0.0,2018-08-19
469,101318.0,muebles,sillas,80.0,0.0,0.0,0.0,0.0,0.0,0.0,0.0,0.0,0.0,2018-08-20
470,101318.0,muebles,sillas,80.0,0.0,0.0,0.0,0.0,0.0,0.0,0.0,0.0,0.0,2018-08-21
471,101318.0,muebles,sillas,80.0,0.0,0.0,0.0,0.0,0.0,0.0,0.0,0.0,0.0,2018-08-22
472,101318.0,muebles,sillas,80.0,0.0,0.0,0.0,0.0,0.0,0.0,0.0,0.0,0.0,2018-08-23
473,101318.0,muebles,sillas,80.0,0.0,0.0,0.0,0.0,0.0,0.0,0.0,0.0,0.0,2018-08-24
474,101318.0,muebles,sillas,80.0,0.0,0.0,0.0,0.0,0.0,0.0,0.0,0.0,0.0,2018-08-25
475,101318.0,muebles,sillas,80.0,0.0,0.0,0.0,0.0,0.0,0.0,0.0,0.0,0.0,2018-08-26
476,101318.0,muebles,sillas,80.0,0.0,0.0,0.0,0.0,0.0,0.0,0.0,0.0,0.0,2018-08-27
477,101318.0,muebles,sillas,80.0,0.0,0.0,0.0,0.0,0.0,0.0,0.0,0.0,0.0,2018-08-28
478,101318.0,muebles,sillas,80.0,0.0,0.0,0.0,0.0,0.0,0.0,0.0,0.0,0.0,2018-08-29
479,101318.0,muebles,sillas,80.0,0.0,0.0,0.0,0.0,0.0,0.0,0.0,0.0,0.0,2018-08-30
480,101318.0,muebles,sillas,80.0,0.0,0.0,0.0,0.0,0.0,0.0,0.0,0.0,0.0,2018-08-31
481,101318.0,muebles,sillas,80.0,0.0,0.0,0.0,0.0,0.0,0.0,0.0,0.0,0.0,2018-09-01
482,101318.0,muebles,sillas,80.0,0.0,0.0,0.0,0.0,0.0,0.0,0.0,0.0,0.0,2018-09-02
483,101318.0,muebles,sillas,80.0,0.0,0.0,0.0,0.0,0.0,0.0,0.0,0.0,0.0,2018-09-03
484,101318.0,muebles,sillas,80.0,0.0,0.0,0.0,0.0,0.0,0.0,0.0,0.0,0.0,2018-09-04
485,101318.0,muebles,sillas,80.0,0.0,0.0,0.0,0.0,0.0,0.0,0.0,0.0,0.0,2018-09-05
486,101318.0,muebles,sillas,80.0,0.0,0.0,0.0,0.0,0.0,0.0,0.0,0.0,0.0,2018-09-06
487,101318.0,muebles,sillas,80.0,0.0,0.0,0.0,0.0,0.0,0.0,0.0,0.0,0.0,2018-09-07
488,101318.0,muebles,sillas,80.0,0.0,0.0,0.0,0.0,0.0,0.0,0.0,0.0,0.0,2018-09-08
489,101318.0,muebles,sillas,80.0,0.0,0.0,0.0,0.0,0.0,0.0,0.0,0.0,0.0,2018-09-09
490,101318.0,muebles,sillas,80.0,0.0,0.0,0.0,0.0,0.0,0.0,0.0,0.0,0.0,2018-09-10
491,101318.0,muebles,sillas,80.0,0.0,0.0,0.0,0.0,0.0,0.0,0.0,0.0,0.0,2018-09-11
492,101318.0,muebles,sillas,80.0,0.0,0.0,0.0,0.0,0.0,0.0,0.0,0.0,0.0,2018-09-12
493,101318.0,muebles,sillas,80.0,0.0,0.0,0.0,0.0,0.0,0.0,0.0,0.0,0.0,2018-09-13
494,101318.0,muebles,sillas,80.0,0.0,0.0,0.0,0.0,0.0,0.0,0.0,0.0,0.0,2018-09-14
495,101318.0,muebles,sillas,80.0,0.0,0.0,0.0,0.0,0.0,0.0,0.0,0.0,0.0,2018-09-15
496,101318.0,muebles,sillas,80.0,0.0,0.0,0.0,0.0,0.0,0.0,0.0,0.0,0.0,2018-09-16
497,101318.0,muebles,sillas,80.0,0.0,0.0,0.0,0.0,0.0,0.0,0.0,0.0,0.0,2018-09-17
498,101318.0,muebles,sillas,80.0,0.0,0.0,0.0,0.0,0.0,0.0,0.0,0.0,0.0,2018-09-18
499,101318.0,muebles,sillas,80.0,0.0,0.0,0.0,0.0,0.0,0.0,0.0,0.0,0.0,2018-09-19
500,101318.0,muebles,sillas,80.0,0.0,0.0,0.0,0.0,0.0,0.0,0.0,0.0,0.0,2018-09-20
501,101318.0,muebles,sillas,80.0,0.0,0.0,0.0,0.0,0.0,0.0,0.0,0.0,0.0,2018-09-21
502,101318.0,muebles,sillas,80.0,0.0,0.0,0.0,0.0,0.0,0.0,0.0,0.0,0.0,2018-09-22
503,101318.0,muebles,sillas,80.0,0.0,0.0,0.0,0.0,0.0,0.0,0.0,0.0,0.0,2018-09-23
504,101318.0,muebles,sillas,80.0,0.0,0.0,0.0,0.0,0.0,0.0,0.0,0.0,0.0,2018-09-24
505,101318.0,muebles,sillas,80.0,0.0,0.0,0.0,0.0,0.0,0.0,0.0,0.0,0.0,2018-09-25
506,101318.0,muebles,sillas,80.0,0.0,0.0,0.0,0.0,0.0,0.0,0.0,0.0,0.0,2018-09-26
507,101318.0,muebles,sillas,80.0,0.0,0.0,0.0,0.0,0.0,0.0,0.0,0.0,0.0,2018-09-27
508,101318.0,muebles,sillas,80.0,0.0,0.0,0.0,0.0,0.0,0.0,0.0,0.0,0.0,2018-09-28
171,101318.0,muebles,sillas,80.0,0.3,0.0,13.0,0.0,0.0,0.0,0.0,0.0,0.0,2018-09-29
46,101318.0,muebles,sillas,80.0,0.3,0.0,83.0,0.0,0.0,0.0,0.0,0.0,0.0,2018-09-30
311,101318.0,muebles,sillas,80.0,0.3,0.34,1397.0,14.0,4.76,0.0,0.0,0.0,0.0,2018-10-01
317,101318.0,muebles,sillas,80.0,0.3,0.35,1512.0,7.0,2.45,0.0,1.0,0.0,0.0,2018-10-02
286,101318.0,muebles,sillas,80.0,0.3,0.37,1563.0,11.0,4.05,0.0,0.0,0.0,0.0,2018-10-03
306,101318.0,muebles,sillas,80.0,0.3,0.35,1865.0,13.0,4.58,0.0,0.0,0.0,0.0,2018-10-04
266,101318.0,muebles,sillas,80.0,0.3,0.33,2436.0,21.0,6.99,0.0,1.0,0.0,0.0,2018-10-05
294,101318.0,muebles,sillas,80.0,0.3,0.35,3628.0,21.0,7.32,0.0,0.0,0.0,0.0,2018-10-06
280,101318.0,muebles,sillas,80.0,0.3,0.34,3827.0,30.0,10.26,0.0,1.0,0.0,0.0,2018-10-07
322,101318.0,muebles,sillas,80.0,0.3,0.35,2230.0,17.0,5.95,0.0,0.0,0.0,0.0,2018-10-08
279,101318.0,muebles,sillas,80.0,0.3,0.32,2665.0,14.0,4.5,0.0,0.0,0.0,0.0,2018-10-09
275,101318.0,muebles,sillas,80.0,0.3,0.36,1808.0,6.0,2.18,0.0,0.0,0.0,0.0,2018-10-10
243,101318.0,muebles,sillas,80.0,0.3,0.36,1503.0,12.0,4.33,0.0,1.0,0.0,0.0,2018-10-11
227,101318.0,muebles,sillas,80.0,0.3,0.32,2101.0,26.0,8.37,0.0,0.0,0.0,0.0,2018-10-12
269,101318.0,muebles,sillas,80.0,0.3,0.34,3033.0,27.0,9.12,0.17,0.17,35.95,35.95,2018-10-13
250,101318.0,muebles,sillas,80.0,0.3,0.33,3859.0,26.0,8.57,0.0,1.0,0.0,0.0,2018-10-14
255,101318.0,muebles,sillas,80.0,0.3,0.33,2972.0,34.0,11.25,0.25,2.25,6.48,6.48,2018-10-15
272,101318.0,muebles,sillas,80.0,0.3,0.37,3465.0,18.0,6.74,0.0,1.0,0.0,0.0,2018-10-16
224,101318.0,muebles,sillas,80.0,0.3,0.36,3628.0,24.0,8.55,0.0,1.0,0.0,0.0,2018-10-17
256,101318.0,muebles,sillas,80.0,0.3,0.34,3428.0,22.0,7.49,0.0,2.0,0.0,0.0,2018-10-18
321,101318.0,muebles,sillas,80.0,0.3,0.37,3448.0,13.0,4.81,0.0,0.0,0.0,0.0,2018-10-19
258,101318.0,muebles,sillas,80.0,0.3,0.35,4031.0,27.0,9.51,0.0,0.0,0.0,0.0,2018-10-20
316,101318.0,muebles,sillas,80.0,0.3,0.38,4250.0,17.0,6.5,0.0,0.0,0.0,0.0,2018-10-21
300,101318.0,muebles,sillas,80.0,0.3,0.35,3175.0,24.0,8.29,0.0,1.0,0.0,0.0,2018-10-22
302,101318.0,muebles,sillas,80.0,0.3,0.35,3436.0,24.0,8.48,0.0,2.0,0.0,0.0,2018-10-23
274,101318.0,muebles,sillas,80.0,0.3,0.36,3095.0,27.0,9.63,0.0,0.0,0.0,0.0,2018-10-24
299,101318.0,muebles,sillas,80.0,0.3,0.36,3207.0,23.0,8.28,0.0,0.0,0.0,0.0,2018-10-25
320,101318.0,muebles,sillas,80.0,0.3,0.37,3011.0,11.0,4.06,0.17,1.17,35.95,35.95,2018-10-26
314,101318.0,muebles,sillas,80.0,0.3,0.35,4006.0,32.0,11.06,0.09,1.11,6.54,8.13,2018-10-27
249,101318.0,muebles,sillas,80.0,0.3,0.37,5417.0,36.0,13.32,0.62,0.71,156.09,183.57,2018-10-28
240,101318.0,muebles,sillas,80.0,0.3,0.37,2983.0,17.0,6.36,0.12,0.12,3.24,3.24,2018-10-29
254,101318.0,muebles,sillas,80.0,0.3,0.38,3106.0,23.0,8.7,0.0,0.0,0.0,0.0,2018-10-30
287,101318.0,muebles,sillas,80.0,0.3,0.36,3095.0,16.0,5.74,0.0,0.0,0.0,0.0,2018-10-31
267,101318.0,muebles,sillas,80.0,0.3,0.36,5034.0,32.0,11.58,0.33,2.35,71.9,103.48,2018-11-01
265,101318.0,muebles,sillas,80.0,0.3,0.35,4156.0,36.0,12.64,0.52,1.99,115.42,188.07,2018-11-02
298,101318.0,muebles,sillas,80.0,0.3,0.36,5380.0,42.0,15.12,0.09,4.11,6.54,8.13,2018-11-03
315,101318.0,muebles,sillas,80.0,0.3,0.33,7094.0,48.0,16.04,1.0,4.0,57.9,115.8,2018-11-04
270,101318.0,muebles,sillas,80.0,0.3,0.34,5169.0,37.0,12.76,0.09,1.13,6.54,15.69,2018-11-05
236,101318.0,muebles,sillas,80.0,0.3,0.36,4489.0,30.0,10.87,0.0,3.0,0.0,0.0,2018-11-06
264,101318.0,muebles,sillas,80.0,0.3,0.38,4676.0,23.0,8.68,0.0,1.0,0.0,0.0,2018-11-07
262,101318.0,muebles,sillas,80.0,0.3,0.36,4464.0,21.0,7.65,0.0,1.0,0.0,0.0,2018-11-08
307,101318.0,muebles,sillas,80.0,0.3,0.37,4373.0,22.0,8.06,0.0,0.0,0.0,0.0,2018-11-09
305,101318.0,muebles,sillas,80.0,0.3,0.37,5712.0,33.0,12.14,0.0,0.0,0.0,0.0,2018-11-10
246,101318.0,muebles,sillas,80.0,0.3,0.36,6988.0,53.0,19.21,0.0,0.0,0.0,0.0,2018-11-11
220,101318.0,muebles,sillas,80.0,0.3,0.37,4845.0,37.0,13.61,0.0,0.0,0.0,0.0,2018-11-12
296,101318.0,muebles,sillas,80.0,0.3,0.35,5101.0,30.0,10.55,0.0,0.0,0.0,0.0,2018-11-13
268,101318.0,muebles,sillas,80.0,0.3,0.34,4268.0,34.0,11.64,0.2,0.6,77.65,232.96,2018-11-14
291,101318.0,muebles,sillas,80.0,0.3,0.43,5630.0,39.0,16.73,0.38,0.86,37.37,74.76,2018-11-15
273,101318.0,muebles,sillas,80.0,0.3,0.44,6020.0,37.0,16.28,0.0,0.0,0.0,0.0,2018-11-16
261,101318.0,muebles,sillas,80.0,0.3,0.46,7063.0,53.0,24.4,0.0,0.0,0.0,0.0,2018-11-17
276,101318.0,muebles,sillas,80.0,0.3,0.44,10287.0,64.0,28.37,0.0,0.0,0.0,0.0,2018-11-18
292,101318.0,muebles,sillas,80.0,0.3,0.44,7487.0,56.0,24.58,1.0,2.0,431.4,819.6,2018-11-19
318,101318.0,muebles,sillas,80.0,0.3,0.51,5278.0,30.0,15.18,0.0,0.0,0.0,0.0,2018-11-20
214,101318.0,muebles,sillas,80.0,0.3,0.61,4851.0,40.0,24.43,0.69,2.19,25.27,173.07,2018-11-21
289,101318.0,muebles,sillas,80.0,0.3,0.56,4808.0,32.0,17.98,0.33,0.73,215.67,474.47,2018-11-22
229,101318.0,muebles,sillas,80.0,0.3,0.66,4474.0,26.0,17.13,1.0,2.0,66.7,133.4,2018-11-23
309,101318.0,muebles,sillas,80.0,0.3,0.66,5036.0,28.0,18.57,0.0,0.0,0.0,0.0,2018-11-24
241,101318.0,muebles,sillas,80.0,0.3,0.77,5855.0,56.0,42.97,0.0,0.0,0.0,0.0,2018-11-25
288,101318.0,muebles,sillas,80.0,0.3,0.64,5462.0,24.0,15.44,0.33,0.53,215.67,345.07,2018-11-26
285,101318.0,muebles,sillas,80.0,0.3,0.51,1234.0,10.0,5.09,0.0,0.0,0.0,0.0,2018-11-27
303,101318.0,muebles,sillas,80.0,0.3,0.5,560.0,5.0,2.52,0.0,0.0,0.0,0.0,2018-11-28
245,101318.0,muebles,sillas,80.0,0.3,0.42,1852.0,6.0,2.53,0.0,0.0,0.0,0.0,2018-11-29
222,101318.0,muebles,sillas,80.0,0.3,0.41,1871.0,13.0,5.3,0.0,0.0,0.0,0.0,2018-11-30
252,101318.0,muebles,sillas,80.0,0.3,0.37,2201.0,17.0,6.34,0.0,0.0,0.0,0.0,2018-12-01
260,101318.0,muebles,sillas,80.0,0.3,0.4,3270.0,12.0,4.75,0.0,0.0,0.0,0.0,2018-12-02
213,101318.0,muebles,sillas,80.0,0.3,0.41,2677.0,12.0,4.91,0.0,0.0,0.0,0.0,2018-12-03
232,101318.0,muebles,sillas,80.0,0.3,0.36,1668.0,16.0,5.8,0.0,0.0,0.0,0.0,2018-12-04
248,101318.0,muebles,sillas,80.0,0.3,0.37,1665.0,7.0,2.61,0.0,0.0,0.0,0.0,2018-12-05
217,101318.0,muebles,sillas,80.0,0.3,0.43,2072.0,19.0,8.21,0.0,0.0,0.0,0.0,2018-12-06
263,101318.0,muebles,sillas,80.0,0.3,0.4,2365.0,14.0,5.53,0.0,0.0,0.0,0.0,2018-12-07
221,101318.0,muebles,sillas,80.0,0.3,0.37,2362.0,29.0,10.59,0.4,0.8,53.77,107.61,2018-12-08
301,101318.0,muebles,sillas,80.0,0.3,0.36,2563.0,18.0,6.51,0.0,0.0,0.0,0.0,2018-12-09
277,101318.0,muebles,sillas,80.0,0.3,0.42,2256.0,19.0,7.9,0.0,0.0,0.0,0.0,2018-12-10
235,101318.0,muebles,sillas,80.0,0.3,0.4,3352.0,22.0,8.81,0.0,0.0,0.0,0.0,2018-12-11
225,101318.0,muebles,sillas,80.0,0.3,0.39,2563.0,23.0,8.88,0.0,0.0,0.0,0.0,2018-12-12
212,101318.0,muebles,sillas,80.0,0.3,0.37,3313.0,17.0,6.36,0.0,0.0,0.0,0.0,2018-12-13
295,101318.0,muebles,sillas,80.0,0.3,0.36,2874.0,28.0,10.03,0.0,0.0,0.0,0.0,2018-12-14
297,101318.0,muebles,sillas,80.0,0.3,0.39,3736.0,26.0,10.08,0.0,0.0,0.0,0.0,2018-12-15
253,101318.0,muebles,sillas,80.0,0.3,0.38,4384.0,30.0,11.52,0.0,0.0,0.0,0.0,2018-12-16
215,101318.0,muebles,sillas,80.0,0.3,0.35,4946.0,14.0,4.96,0.0,0.0,0.0,0.0,2018-12-17
218,101318.0,muebles,sillas,80.0,0.3,0.42,3340.0,22.0,9.22,0.0,0.0,0.0,0.0,2018-12-18
226,101318.0,muebles,sillas,80.0,0.3,0.38,3240.0,29.0,11.08,0.17,0.17,43.13,43.13,2018-12-19
233,101318.0,muebles,sillas,80.0,0.3,0.42,3453.0,21.0,8.77,0.0,0.0,0.0,0.0,2018-12-20
319,101318.0,muebles,sillas,80.0,0.3,0.38,3101.0,13.0,4.97,0.0,0.0,0.0,0.0,2018-12-21
234,101318.0,muebles,sillas,80.0,0.3,0.47,3652.0,23.0,10.84,0.0,0.0,0.0,0.0,2018-12-22
313,101318.0,muebles,sillas,80.0,0.3,0.39,4895.0,28.0,11.04,0.0,0.0,0.0,0.0,2018-12-23
223,101318.0,muebles,sillas,80.0,0.3,0.4,2557.0,21.0,8.5,0.0,0.0,0.0,0.0,2018-12-24
281,101318.0,muebles,sillas,80.0,0.3,0.4,5371.0,27.0,10.86,1.0,2.0,143.8,287.6,2018-12-25
231,101318.0,muebles,sillas,80.0,0.3,0.36,5654.0,26.0,9.49,0.0,0.0,0.0,0.0,2018-12-26
283,101318.0,muebles,sillas,80.0,0.3,0.37,5428.0,33.0,12.35,0.17,0.17,43.13,43.13,2018-12-27
237,101318.0,muebles,sillas,80.0,0.3,0.37,5163.0,37.0,13.77,0.0,0.0,0.0,0.0,2018-12-28
312,101318.0,muebles,sillas,80.0,0.3,0.38,6054.0,40.0,15.21,1.14,2.18,139.04,271.43,2018-12-29
284,101318.0,muebles,sillas,80.0,0.3,0.42,6245.0,39.0,16.51,0.0,0.0,0.0,0.0,2018-12-30
271,101318.0,muebles,sillas,80.0,0.3,0.36,3033.0,25.0,8.98,0.0,0.0,0.0,0.0,2018-12-31
259,101318.0,muebles,sillas,80.0,0.3,0.45,1878.0,10.0,4.52,0.0,0.0,0.0,0.0,2019-01-01
230,101318.0,muebles,sillas,80.0,0.3,0.49,2422.0,11.0,5.42,0.0,0.0,0.0,0.0,2019-01-02
244,101318.0,muebles,sillas,80.0,0.3,0.4,2435.0,21.0,8.47,1.0,2.5,110.6,369.4,2019-01-03
293,101318.0,muebles,sillas,80.0,0.3,0.37,2570.0,16.0,5.98,0.0,0.0,0.0,0.0,2019-01-04
304,101318.0,muebles,sillas,80.0,0.3,0.37,2490.0,18.0,6.65,0.0,0.0,0.0,0.0,2019-01-05
247,101318.0,muebles,sillas,80.0,0.3,0.4,4748.0,31.0,12.26,0.0,0.0,0.0,0.0,2019-01-06
310,101318.0,muebles,sillas,80.0,0.3,0.37,5910.0,43.0,15.88,0.0,0.0,0.0,0.0,2019-01-07
251,101318.0,muebles,sillas,80.0,0.3,0.46,3925.0,38.0,17.37,0.0,0.0,0.0,0.0,2019-01-08
219,101318.0,muebles,sillas,80.0,0.3,0.42,5945.0,40.0,16.89,1.0,2.0,64.7,129.4,2019-01-09
238,101318.0,muebles,sillas,80.0,0.4,0.38,5601.0,32.0,12.0,0.65,1.13,63.84,78.15,2019-01-10
239,101318.0,muebles,sillas,80.0,0.3,0.53,1812.0,13.0,6.87,0.0,0.0,0.0,0.0,2019-01-10
278,101318.0,muebles,sillas,80.0,0.4,0.43,5829.0,50.0,21.56,0.0,0.0,0.0,0.0,2019-01-11
282,101318.0,muebles,sillas,80.0,0.4,0.36,5563.0,29.0,10.4,1.37,2.57,228.17,413.21,2019-01-12
216,101318.0,muebles,sillas,80.0,0.4,0.44,6457.0,36.0,15.95,0.0,0.0,0.0,0.0,2019-01-13
290,101318.0,muebles,sillas,80.0,0.4,0.44,6734.0,44.0,19.36,0.2,0.2,50.32,50.32,2019-01-14
257,101318.0,muebles,sillas,80.0,0.4,0.53,6644.0,44.0,23.31,0.0,0.0,0.0,0.0,2019-01-15
242,101318.0,muebles,sillas,80.0,0.4,0.4,9275.0,59.0,23.58,1.82,3.27,437.03,780.6,2019-01-16
308,101318.0,muebles,sillas,80.0,0.4,0.42,2465.0,13.0,5.41,0.0,0.0,0.0,0.0,2019-01-17
509,101318.0,muebles,sillas,80.0,0.0,0.0,0.0,0.0,0.0,0.0,0.0,0.0,0.0,2019-01-18
510,101318.0,muebles,sillas,80.0,0.0,0.0,0.0,0.0,0.0,0.0,0.0,0.0,0.0,2019-01-19
511,101318.0,muebles,sillas,80.0,0.0,0.0,0.0,0.0,0.0,0.0,0.0,0.0,0.0,2019-01-20
512,101318.0,muebles,sillas,80.0,0.0,0.0,0.0,0.0,0.0,0.0,0.0,0.0,0.0,2019-01-21
513,101318.0,muebles,sillas,80.0,0.0,0.0,0.0,0.0,0.0,0.0,0.0,0.0,0.0,2019-01-22
514,101318.0,muebles,sillas,80.0,0.0,0.0,0.0,0.0,0.0,0.0,0.0,0.0,0.0,2019-01-23
515,101318.0,muebles,sillas,80.0,0.0,0.0,0.0,0.0,0.0,0.0,0.0,0.0,0.0,2019-01-24
516,101318.0,muebles,sillas,80.0,0.0,0.0,0.0,0.0,0.0,0.0,0.0,0.0,0.0,2019-01-25
517,101318.0,muebles,sillas,80.0,0.0,0.0,0.0,0.0,0.0,0.0,0.0,0.0,0.0,2019-01-26
518,101318.0,muebles,sillas,80.0,0.0,0.0,0.0,0.0,0.0,0.0,0.0,0.0,0.0,2019-01-27
519,101318.0,muebles,sillas,80.0,0.0,0.0,0.0,0.0,0.0,0.0,0.0,0.0,0.0,2019-01-28
520,101318.0,muebles,sillas,80.0,0.0,0.0,0.0,0.0,0.0,0.0,0.0,0.0,0.0,2019-01-29
521,101318.0,muebles,sillas,80.0,0.0,0.0,0.0,0.0,0.0,0.0,0.0,0.0,0.0,2019-01-30
228,101318.0,muebles,sillas,80.0,0.4,0.3,5.0,1.0,0.3,0.0,0.0,0.0,0.0,2019-01-31
522,101318.0,muebles,sillas,80.0,0.0,0.0,0.0,0.0,0.0,0.0,0.0,0.0,0.0,2019-02-01
523,101318.0,muebles,sillas,80.0,0.0,0.0,0.0,0.0,0.0,0.0,0.0,0.0,0.0,2019-02-02
524,101318.0,muebles,sillas,80.0,0.0,0.0,0.0,0.0,0.0,0.0,0.0,0.0,0.0,2019-02-03
525,101318.0,muebles,sillas,80.0,0.0,0.0,0.0,0.0,0.0,0.0,0.0,0.0,0.0,2019-02-04
526,101318.0,muebles,sillas,80.0,0.0,0.0,0.0,0.0,0.0,0.0,0.0,0.0,0.0,2019-02-05
527,101318.0,muebles,sillas,80.0,0.0,0.0,0.0,0.0,0.0,0.0,0.0,0.0,0.0,2019-02-06
528,101318.0,muebles,sillas,80.0,0.0,0.0,0.0,0.0,0.0,0.0,0.0,0.0,0.0,2019-02-07
529,101318.0,muebles,sillas,80.0,0.0,0.0,0.0,0.0,0.0,0.0,0.0,0.0,0.0,2019-02-08
530,101318.0,muebles,sillas,80.0,0.0,0.0,0.0,0.0,0.0,0.0,0.0,0.0,0.0,2019-02-09
531,101318.0,muebles,sillas,80.0,0.0,0.0,0.0,0.0,0.0,0.0,0.0,0.0,0.0,2019-02-10
532,101318.0,muebles,sillas,80.0,0.0,0.0,0.0,0.0,0.0,0.0,0.0,0.0,0.0,2019-02-11
533,101318.0,muebles,sillas,80.0,0.0,0.0,0.0,0.0,0.0,0.0,0.0,0.0,0.0,2019-02-12
534,101318.0,muebles,sillas,80.0,0.0,0.0,0.0,0.0,0.0,0.0,0.0,0.0,0.0,2019-02-13
535,101318.0,muebles,sillas,80.0,0.0,0.0,0.0,0.0,0.0,0.0,0.0,0.0,0.0,2019-02-14
536,101318.0,muebles,sillas,80.0,0.0,0.0,0.0,0.0,0.0,0.0,0.0,0.0,0.0,2019-02-15
537,101318.0,muebles,sillas,80.0,0.0,0.0,0.0,0.0,0.0,0.0,0.0,0.0,0.0,2019-02-16
538,101318.0,muebles,sillas,80.0,0.0,0.0,0.0,0.0,0.0,0.0,0.0,0.0,0.0,2019-02-17
539,101318.0,muebles,sillas,80.0,0.0,0.0,0.0,0.0,0.0,0.0,0.0,0.0,0.0,2019-02-18
540,101318.0,muebles,sillas,80.0,0.0,0.0,0.0,0.0,0.0,0.0,0.0,0.0,0.0,2019-02-19
541,101318.0,muebles,sillas,80.0,0.0,0.0,0.0,0.0,0.0,0.0,0.0,0.0,0.0,2019-02-20
542,101318.0,muebles,sillas,80.0,0.0,0.0,0.0,0.0,0.0,0.0,0.0,0.0,0.0,2019-02-21
543,101318.0,muebles,sillas,80.0,0.0,0.0,0.0,0.0,0.0,0.0,0.0,0.0,0.0,2019-02-22
544,101318.0,muebles,sillas,80.0,0.0,0.0,0.0,0.0,0.0,0.0,0.0,0.0,0.0,2019-02-23
545,101318.0,muebles,sillas,80.0,0.0,0.0,0.0,0.0,0.0,0.0,0.0,0.0,0.0,2019-02-24
546,101318.0,muebles,sillas,80.0,0.0,0.0,0.0,0.0,0.0,0.0,0.0,0.0,0.0,2019-02-25
547,101318.0,muebles,sillas,80.0,0.0,0.0,0.0,0.0,0.0,0.0,0.0,0.0,0.0,2019-02-26
548,101318.0,muebles,sillas,80.0,0.0,0.0,0.0,0.0,0.0,0.0,0.0,0.0,0.0,2019-02-27
549,101318.0,muebles,sillas,80.0,0.0,0.0,0.0,0.0,0.0,0.0,0.0,0.0,0.0,2019-02-28
550,101318.0,muebles,sillas,80.0,0.0,0.0,0.0,0.0,0.0,0.0,0.0,0.0,0.0,2019-03-01
551,101318.0,muebles,sillas,80.0,0.0,0.0,0.0,0.0,0.0,0.0,0.0,0.0,0.0,2019-03-02
552,101318.0,muebles,sillas,80.0,0.0,0.0,0.0,0.0,0.0,0.0,0.0,0.0,0.0,2019-03-03
553,101318.0,muebles,sillas,80.0,0.0,0.0,0.0,0.0,0.0,0.0,0.0,0.0,0.0,2019-03-04
554,101318.0,muebles,sillas,80.0,0.0,0.0,0.0,0.0,0.0,0.0,0.0,0.0,0.0,2019-03-05
555,101318.0,muebles,sillas,80.0,0.0,0.0,0.0,0.0,0.0,0.0,0.0,0.0,0.0,2019-03-06
556,101318.0,muebles,sillas,80.0,0.0,0.0,0.0,0.0,0.0,0.0,0.0,0.0,0.0,2019-03-07
557,101318.0,muebles,sillas,80.0,0.0,0.0,0.0,0.0,0.0,0.0,0.0,0.0,0.0,2019-03-08
558,101318.0,muebles,sillas,80.0,0.0,0.0,0.0,0.0,0.0,0.0,0.0,0.0,0.0,2019-03-09
559,101318.0,muebles,sillas,80.0,0.0,0.0,0.0,0.0,0.0,0.0,0.0,0.0,0.0,2019-03-10
560,101318.0,muebles,sillas,80.0,0.0,0.0,0.0,0.0,0.0,0.0,0.0,0.0,0.0,2019-03-11
561,101318.0,muebles,sillas,80.0,0.0,0.0,0.0,0.0,0.0,0.0,0.0,0.0,0.0,2019-03-12
562,101318.0,muebles,sillas,80.0,0.0,0.0,0.0,0.0,0.0,0.0,0.0,0.0,0.0,2019-03-13
563,101318.0,muebles,sillas,80.0,0.0,0.0,0.0,0.0,0.0,0.0,0.0,0.0,0.0,2019-03-14
564,101318.0,muebles,sillas,80.0,0.0,0.0,0.0,0.0,0.0,0.0,0.0,0.0,0.0,2019-03-15
565,101318.0,muebles,sillas,80.0,0.0,0.0,0.0,0.0,0.0,0.0,0.0,0.0,0.0,2019-03-16
566,101318.0,muebles,sillas,80.0,0.0,0.0,0.0,0.0,0.0,0.0,0.0,0.0,0.0,2019-03-17
567,101318.0,muebles,sillas,80.0,0.0,0.0,0.0,0.0,0.0,0.0,0.0,0.0,0.0,2019-03-18
568,101318.0,muebles,sillas,80.0,0.0,0.0,0.0,0.0,0.0,0.0,0.0,0.0,0.0,2019-03-19
569,101318.0,muebles,sillas,80.0,0.0,0.0,0.0,0.0,0.0,0.0,0.0,0.0,0.0,2019-03-20
570,101318.0,muebles,sillas,80.0,0.0,0.0,0.0,0.0,0.0,0.0,0.0,0.0,0.0,2019-03-21
571,101318.0,muebles,sillas,80.0,0.0,0.0,0.0,0.0,0.0,0.0,0.0,0.0,0.0,2019-03-22
572,101318.0,muebles,sillas,80.0,0.0,0.0,0.0,0.0,0.0,0.0,0.0,0.0,0.0,2019-03-23
573,101318.0,muebles,sillas,80.0,0.0,0.0,0.0,0.0,0.0,0.0,0.0,0.0,0.0,2019-03-24
574,101318.0,muebles,sillas,80.0,0.0,0.0,0.0,0.0,0.0,0.0,0.0,0.0,0.0,2019-03-25
575,101318.0,muebles,sillas,80.0,0.0,0.0,0.0,0.0,0.0,0.0,0.0,0.0,0.0,2019-03-26
576,101318.0,muebles,sillas,80.0,0.0,0.0,0.0,0.0,0.0,0.0,0.0,0.0,0.0,2019-03-27
577,101318.0,muebles,sillas,80.0,0.0,0.0,0.0,0.0,0.0,0.0,0.0,0.0,0.0,2019-03-28
578,101318.0,muebles,sillas,80.0,0.0,0.0,0.0,0.0,0.0,0.0,0.0,0.0,0.0,2019-03-29
579,101318.0,muebles,sillas,80.0,0.0,0.0,0.0,0.0,0.0,0.0,0.0,0.0,0.0,2019-03-30
580,101318.0,muebles,sillas,80.0,0.0,0.0,0.0,0.0,0.0,0.0,0.0,0.0,0.0,2019-03-31
