,Reference,CatN1,CatN2,Cat_Price,CPC_max,CPC_medio,Impressions,Clics,Cost,Conversions,All_Conversions,Ads_Income,Ads_Income_All,Dates
556,61098.0,organización y almacenamiento,percheros,50.0,0.0,0.0,0.0,0.0,0.0,0.0,0.0,0.0,0.0,2017-09-02
557,61098.0,organización y almacenamiento,percheros,50.0,0.0,0.0,0.0,0.0,0.0,0.0,0.0,0.0,0.0,2017-09-03
558,61098.0,organización y almacenamiento,percheros,50.0,0.0,0.0,0.0,0.0,0.0,0.0,0.0,0.0,0.0,2017-09-04
559,61098.0,organización y almacenamiento,percheros,50.0,0.0,0.0,0.0,0.0,0.0,0.0,0.0,0.0,0.0,2017-09-05
560,61098.0,organización y almacenamiento,percheros,50.0,0.0,0.0,0.0,0.0,0.0,0.0,0.0,0.0,0.0,2017-09-06
561,61098.0,organización y almacenamiento,percheros,50.0,0.0,0.0,0.0,0.0,0.0,0.0,0.0,0.0,0.0,2017-09-07
562,61098.0,organización y almacenamiento,percheros,50.0,0.0,0.0,0.0,0.0,0.0,0.0,0.0,0.0,0.0,2017-09-08
563,61098.0,organización y almacenamiento,percheros,50.0,0.0,0.0,0.0,0.0,0.0,0.0,0.0,0.0,0.0,2017-09-09
564,61098.0,organización y almacenamiento,percheros,50.0,0.0,0.0,0.0,0.0,0.0,0.0,0.0,0.0,0.0,2017-09-10
565,61098.0,organización y almacenamiento,percheros,50.0,0.0,0.0,0.0,0.0,0.0,0.0,0.0,0.0,0.0,2017-09-11
566,61098.0,organización y almacenamiento,percheros,50.0,0.0,0.0,0.0,0.0,0.0,0.0,0.0,0.0,0.0,2017-09-12
567,61098.0,organización y almacenamiento,percheros,50.0,0.0,0.0,0.0,0.0,0.0,0.0,0.0,0.0,0.0,2017-09-13
568,61098.0,organización y almacenamiento,percheros,50.0,0.0,0.0,0.0,0.0,0.0,0.0,0.0,0.0,0.0,2017-09-14
569,61098.0,organización y almacenamiento,percheros,50.0,0.0,0.0,0.0,0.0,0.0,0.0,0.0,0.0,0.0,2017-09-15
570,61098.0,organización y almacenamiento,percheros,50.0,0.0,0.0,0.0,0.0,0.0,0.0,0.0,0.0,0.0,2017-09-16
571,61098.0,organización y almacenamiento,percheros,50.0,0.0,0.0,0.0,0.0,0.0,0.0,0.0,0.0,0.0,2017-09-17
572,61098.0,organización y almacenamiento,percheros,50.0,0.0,0.0,0.0,0.0,0.0,0.0,0.0,0.0,0.0,2017-09-18
573,61098.0,organización y almacenamiento,percheros,50.0,0.0,0.0,0.0,0.0,0.0,0.0,0.0,0.0,0.0,2017-09-19
574,61098.0,organización y almacenamiento,percheros,50.0,0.0,0.0,0.0,0.0,0.0,0.0,0.0,0.0,0.0,2017-09-20
575,61098.0,organización y almacenamiento,percheros,50.0,0.0,0.0,0.0,0.0,0.0,0.0,0.0,0.0,0.0,2017-09-21
576,61098.0,organización y almacenamiento,percheros,50.0,0.0,0.0,0.0,0.0,0.0,0.0,0.0,0.0,0.0,2017-09-22
577,61098.0,organización y almacenamiento,percheros,50.0,0.0,0.0,0.0,0.0,0.0,0.0,0.0,0.0,0.0,2017-09-23
578,61098.0,organización y almacenamiento,percheros,50.0,0.0,0.0,0.0,0.0,0.0,0.0,0.0,0.0,0.0,2017-09-24
579,61098.0,organización y almacenamiento,percheros,50.0,0.0,0.0,0.0,0.0,0.0,0.0,0.0,0.0,0.0,2017-09-25
580,61098.0,organización y almacenamiento,percheros,50.0,0.0,0.0,0.0,0.0,0.0,0.0,0.0,0.0,0.0,2017-09-26
581,61098.0,organización y almacenamiento,percheros,50.0,0.0,0.0,0.0,0.0,0.0,0.0,0.0,0.0,0.0,2017-09-27
582,61098.0,organización y almacenamiento,percheros,50.0,0.0,0.0,0.0,0.0,0.0,0.0,0.0,0.0,0.0,2017-09-28
583,61098.0,organización y almacenamiento,percheros,50.0,0.0,0.0,0.0,0.0,0.0,0.0,0.0,0.0,0.0,2017-09-29
584,61098.0,organización y almacenamiento,percheros,50.0,0.0,0.0,0.0,0.0,0.0,0.0,0.0,0.0,0.0,2017-09-30
585,61098.0,organización y almacenamiento,percheros,50.0,0.0,0.0,0.0,0.0,0.0,0.0,0.0,0.0,0.0,2017-10-01
181,61098.0,muebles,mueble auxiliar,50.0,0.17,0.15,211.0,6.0,0.92,0.0,0.0,0.0,0.0,2017-10-02
180,61098.0,muebles,mueble auxiliar,50.0,0.21,0.0,5.0,0.0,0.0,0.0,0.0,0.0,0.0,
200,61098.0,muebles,mueble auxiliar,50.0,0.21,0.0,15.0,0.0,0.0,0.0,0.0,0.0,0.0,2017-10-03
201,61098.0,muebles,mueble auxiliar,50.0,0.17,0.12,243.0,6.0,0.72,0.0,0.0,0.0,0.0,
210,61098.0,muebles,mueble auxiliar,50.0,0.21,0.0,11.0,0.0,0.0,0.0,0.0,0.0,0.0,2017-10-04
211,61098.0,muebles,mueble auxiliar,50.0,0.17,0.11,206.0,2.0,0.22,0.0,0.0,0.0,0.0,
98,61098.0,muebles,mueble auxiliar,50.0,0.17,0.16,113.0,1.0,0.16,0.0,0.0,0.0,0.0,2017-10-05
97,61098.0,muebles,mueble auxiliar,50.0,0.21,0.0,6.0,0.0,0.0,0.0,0.0,0.0,0.0,
156,61098.0,muebles,mueble auxiliar,50.0,0.21,0.0,1.0,0.0,0.0,0.0,0.0,0.0,0.0,2017-10-06
155,61098.0,muebles,mueble auxiliar,50.0,0.17,0.12,162.0,3.0,0.36,0.0,0.0,0.0,0.0,
14,61098.0,muebles,mueble auxiliar,50.0,0.21,0.0,1.0,0.0,0.0,0.0,0.0,0.0,0.0,2017-10-07
15,61098.0,muebles,mueble auxiliar,50.0,0.17,0.15,293.0,8.0,1.21,0.0,0.0,0.0,0.0,
165,61098.0,muebles,mueble auxiliar,50.0,0.21,0.0,4.0,0.0,0.0,0.0,0.0,0.0,0.0,2017-10-08
164,61098.0,muebles,mueble auxiliar,50.0,0.17,0.12,382.0,5.0,0.58,0.0,0.0,0.0,0.0,
10,61098.0,muebles,mueble auxiliar,50.0,0.21,0.0,3.0,0.0,0.0,0.0,0.0,0.0,0.0,2017-10-09
11,61098.0,muebles,mueble auxiliar,50.0,0.17,0.16,267.0,3.0,0.48,0.0,0.0,0.0,0.0,
83,61098.0,muebles,mueble auxiliar,50.0,0.17,0.17,25.0,1.0,0.17,0.0,0.0,0.0,0.0,2017-10-10
82,61098.0,muebles,mueble auxiliar,50.0,0.21,0.0,1.0,0.0,0.0,0.0,0.0,0.0,0.0,
129,61098.0,muebles,mueble auxiliar,50.0,0.17,0.0,105.0,0.0,0.0,0.0,0.0,0.0,0.0,2017-10-11
143,61098.0,muebles,mueble auxiliar,50.0,0.21,0.0,2.0,0.0,0.0,0.0,0.0,0.0,0.0,2017-10-12
142,61098.0,muebles,mueble auxiliar,50.0,0.17,0.11,122.0,1.0,0.11,0.0,0.0,0.0,0.0,
126,61098.0,muebles,mueble auxiliar,50.0,0.21,0.0,1.0,0.0,0.0,0.0,0.0,0.0,0.0,2017-10-13
125,61098.0,muebles,mueble auxiliar,50.0,0.17,0.18,207.0,4.0,0.72,0.0,0.0,0.0,0.0,
35,61098.0,muebles,mueble auxiliar,50.0,0.21,0.0,4.0,0.0,0.0,0.0,0.0,0.0,0.0,2017-10-14
34,61098.0,muebles,mueble auxiliar,50.0,0.17,0.04,294.0,4.0,0.18,0.0,0.0,0.0,0.0,
47,61098.0,muebles,mueble auxiliar,50.0,0.17,0.18,330.0,8.0,1.44,0.0,0.0,0.0,0.0,2017-10-15
46,61098.0,muebles,mueble auxiliar,50.0,0.21,0.0,7.0,0.0,0.0,0.0,0.0,0.0,0.0,
139,61098.0,muebles,mueble auxiliar,50.0,0.17,0.07,291.0,16.0,1.16,0.0,0.0,0.0,0.0,2017-10-16
138,61098.0,muebles,mueble auxiliar,50.0,0.21,0.0,4.0,0.0,0.0,0.0,0.0,0.0,0.0,
73,61098.0,muebles,mueble auxiliar,50.0,0.17,0.16,402.0,5.0,0.79,0.0,0.0,0.0,0.0,2017-10-17
72,61098.0,muebles,mueble auxiliar,50.0,0.21,0.0,5.0,0.0,0.0,0.0,0.0,0.0,0.0,
153,61098.0,muebles,mueble auxiliar,50.0,0.21,0.0,16.0,0.0,0.0,0.0,0.0,0.0,0.0,2017-10-18
154,61098.0,muebles,mueble auxiliar,50.0,0.17,0.11,424.0,7.0,0.79,0.0,0.0,0.0,0.0,
118,61098.0,muebles,mueble auxiliar,50.0,0.17,0.13,391.0,6.0,0.76,0.0,0.0,0.0,0.0,2017-10-19
119,61098.0,muebles,mueble auxiliar,50.0,0.21,0.0,6.0,0.0,0.0,0.0,0.0,0.0,0.0,
160,61098.0,muebles,mueble auxiliar,50.0,0.21,0.0,4.0,0.0,0.0,0.0,0.0,0.0,0.0,2017-10-20
159,61098.0,muebles,mueble auxiliar,50.0,0.17,0.15,337.0,8.0,1.21,0.0,0.0,0.0,0.0,
88,61098.0,muebles,mueble auxiliar,50.0,0.17,0.14,479.0,10.0,1.39,0.0,0.0,0.0,0.0,2017-10-21
87,61098.0,muebles,mueble auxiliar,50.0,0.21,0.0,7.0,0.0,0.0,0.0,0.0,0.0,0.0,
103,61098.0,muebles,mueble auxiliar,50.0,0.21,0.0,11.0,0.0,0.0,0.0,0.0,0.0,0.0,2017-10-22
102,61098.0,muebles,mueble auxiliar,50.0,0.17,0.14,370.0,2.0,0.27,0.0,0.0,0.0,0.0,
60,61098.0,muebles,mueble auxiliar,50.0,0.17,0.16,358.0,3.0,0.48,0.0,0.0,0.0,0.0,2017-10-23
59,61098.0,muebles,mueble auxiliar,50.0,0.21,0.0,3.0,0.0,0.0,0.0,0.0,0.0,0.0,
21,61098.0,muebles,mueble auxiliar,50.0,0.21,0.0,3.0,0.0,0.0,0.0,0.0,0.0,0.0,2017-10-24
20,61098.0,muebles,mueble auxiliar,50.0,0.17,0.15,209.0,3.0,0.44,0.0,0.0,0.0,0.0,
77,61098.0,muebles,mueble auxiliar,50.0,0.21,0.0,4.0,0.0,0.0,0.0,0.0,0.0,0.0,2017-10-25
76,61098.0,muebles,mueble auxiliar,50.0,0.17,0.09,212.0,4.0,0.35,0.0,0.0,0.0,0.0,
196,61098.0,muebles,mueble auxiliar,50.0,0.21,0.0,2.0,0.0,0.0,0.0,0.0,0.0,0.0,2017-10-26
197,61098.0,muebles,mueble auxiliar,50.0,0.17,0.12,495.0,8.0,0.93,0.0,1.0,0.0,0.0,
134,61098.0,muebles,mueble auxiliar,50.0,0.21,0.0,15.0,0.0,0.0,0.0,0.0,0.0,0.0,2017-10-27
135,61098.0,muebles,mueble auxiliar,50.0,0.17,0.15,339.0,4.0,0.6,0.0,0.0,0.0,0.0,
57,61098.0,muebles,mueble auxiliar,50.0,0.21,0.0,10.0,0.0,0.0,0.0,0.0,0.0,0.0,2017-10-28
58,61098.0,muebles,mueble auxiliar,50.0,0.17,0.12,417.0,6.0,0.7,0.0,0.0,0.0,0.0,
128,61098.0,muebles,mueble auxiliar,50.0,0.17,0.11,294.0,2.0,0.22,0.0,0.0,0.0,0.0,2017-10-29
127,61098.0,muebles,mueble auxiliar,50.0,0.21,0.0,10.0,0.0,0.0,0.0,0.0,0.0,0.0,
101,61098.0,muebles,mueble auxiliar,50.0,0.17,0.14,403.0,11.0,1.57,1.0,2.0,42.41,42.41,2017-10-30
100,61098.0,muebles,mueble auxiliar,50.0,0.21,0.0,17.0,0.0,0.0,0.0,0.0,0.0,0.0,
96,61098.0,muebles,mueble auxiliar,50.0,0.17,0.12,412.0,9.0,1.06,0.0,0.0,0.0,0.0,2017-10-31
95,61098.0,muebles,mueble auxiliar,50.0,0.21,0.0,26.0,0.0,0.0,0.0,0.0,0.0,0.0,
25,61098.0,muebles,mueble auxiliar,50.0,0.21,0.03,38.0,1.0,0.03,0.0,0.0,0.0,0.0,2017-11-01
26,61098.0,muebles,mueble auxiliar,50.0,0.17,0.13,634.0,9.0,1.16,0.0,0.0,0.0,0.0,
124,61098.0,muebles,mueble auxiliar,50.0,0.21,0.0,38.0,0.0,0.0,0.0,0.0,0.0,0.0,2017-11-02
123,61098.0,muebles,mueble auxiliar,50.0,0.17,0.13,412.0,3.0,0.39,0.0,0.0,0.0,0.0,
109,61098.0,muebles,mueble auxiliar,50.0,0.17,0.11,297.0,1.0,0.11,0.0,0.0,0.0,0.0,2017-11-03
110,61098.0,muebles,mueble auxiliar,50.0,0.21,0.0,12.0,0.0,0.0,0.0,0.0,0.0,0.0,
136,61098.0,muebles,mueble auxiliar,50.0,0.17,0.09,341.0,1.0,0.09,0.0,0.0,0.0,0.0,2017-11-04
137,61098.0,muebles,mueble auxiliar,50.0,0.21,0.01,23.0,1.0,0.01,1.0,1.0,49.9,49.9,
68,61098.0,muebles,mueble auxiliar,50.0,0.17,0.12,368.0,4.0,0.49,0.0,0.0,0.0,0.0,2017-11-05
69,61098.0,muebles,mueble auxiliar,50.0,0.21,0.0,32.0,0.0,0.0,0.0,0.0,0.0,0.0,
188,61098.0,muebles,mueble auxiliar,50.0,0.17,0.12,490.0,12.0,1.41,0.0,1.0,0.0,0.0,2017-11-06
189,61098.0,muebles,mueble auxiliar,50.0,0.21,0.01,35.0,1.0,0.01,0.0,0.0,0.0,0.0,
185,61098.0,muebles,mueble auxiliar,50.0,0.17,0.11,522.0,6.0,0.66,0.0,0.0,0.0,0.0,2017-11-07
186,61098.0,muebles,mueble auxiliar,50.0,0.21,0.0,19.0,0.0,0.0,0.0,0.0,0.0,0.0,
64,61098.0,muebles,mueble auxiliar,50.0,0.21,0.01,18.0,1.0,0.01,0.0,0.0,0.0,0.0,2017-11-08
65,61098.0,muebles,mueble auxiliar,50.0,0.17,0.13,578.0,17.0,2.24,1.0,2.0,95.54,95.54,
40,61098.0,muebles,mueble auxiliar,50.0,0.17,0.14,591.0,11.0,1.58,0.0,0.0,0.0,0.0,2017-11-09
41,61098.0,muebles,mueble auxiliar,50.0,0.21,0.0,17.0,0.0,0.0,0.0,0.0,0.0,0.0,
105,61098.0,muebles,mueble auxiliar,50.0,0.21,0.0,14.0,0.0,0.0,0.0,0.0,0.0,0.0,2017-11-10
106,61098.0,muebles,mueble auxiliar,50.0,0.17,0.12,488.0,5.0,0.62,0.0,0.0,0.0,0.0,
104,61098.0,muebles,mueble auxiliar,50.0,0.15,0.0,2.0,0.0,0.0,0.0,0.0,0.0,0.0,
48,61098.0,muebles,mueble auxiliar,50.0,0.17,0.1,632.0,6.0,0.62,0.0,0.0,0.0,0.0,2017-11-11
49,61098.0,muebles,mueble auxiliar,50.0,0.21,0.0,13.0,0.0,0.0,0.0,0.0,0.0,0.0,
94,61098.0,muebles,mueble auxiliar,50.0,0.17,0.11,491.0,11.0,1.2,0.0,0.0,0.0,0.0,2017-11-12
93,61098.0,muebles,mueble auxiliar,50.0,0.21,0.0,23.0,0.0,0.0,0.0,0.0,0.0,0.0,
39,61098.0,muebles,mueble auxiliar,50.0,0.17,0.14,453.0,8.0,1.09,0.0,0.0,0.0,0.0,2017-11-13
38,61098.0,muebles,mueble auxiliar,50.0,0.21,0.04,42.0,1.0,0.04,0.0,0.0,0.0,0.0,
0,61098.0,muebles,mueble auxiliar,50.0,0.17,0.18,364.0,5.0,0.91,0.0,0.0,0.0,0.0,2017-11-14
1,61098.0,muebles,mueble auxiliar,50.0,0.21,0.0,10.0,0.0,0.0,0.0,0.0,0.0,0.0,
16,61098.0,muebles,mueble auxiliar,50.0,0.21,0.0,8.0,0.0,0.0,0.0,0.0,0.0,0.0,2017-11-15
17,61098.0,muebles,mueble auxiliar,50.0,0.17,0.15,427.0,7.0,1.02,1.0,1.0,99.8,99.8,
218,61098.0,muebles,mueble auxiliar,50.0,0.21,0.0,9.0,0.0,0.0,0.0,0.0,0.0,0.0,2017-11-16
217,61098.0,muebles,mueble auxiliar,50.0,0.17,0.17,399.0,3.0,0.52,0.0,0.0,0.0,0.0,
6,61098.0,muebles,mueble auxiliar,50.0,0.17,0.14,326.0,8.0,1.13,0.0,0.0,0.0,0.0,2017-11-17
7,61098.0,muebles,mueble auxiliar,50.0,0.21,0.0,1.0,0.0,0.0,0.0,0.0,0.0,0.0,
147,61098.0,muebles,mueble auxiliar,50.0,0.21,0.0,6.0,0.0,0.0,0.0,0.0,0.0,0.0,2017-11-18
146,61098.0,muebles,mueble auxiliar,50.0,0.17,0.13,373.0,7.0,0.89,0.0,0.0,0.0,0.0,
78,61098.0,muebles,mueble auxiliar,50.0,0.17,0.13,517.0,10.0,1.28,1.0,1.0,51.9,51.9,2017-11-19
79,61098.0,muebles,mueble auxiliar,50.0,0.21,0.0,2.0,0.0,0.0,0.0,0.0,0.0,0.0,
203,61098.0,muebles,mueble auxiliar,50.0,0.21,0.0,1.0,0.0,0.0,0.0,0.0,0.0,0.0,2017-11-20
202,61098.0,muebles,mueble auxiliar,50.0,0.17,0.14,495.0,15.0,2.03,0.0,0.0,0.0,0.0,
183,61098.0,muebles,mueble auxiliar,50.0,0.21,0.0,4.0,0.0,0.0,0.0,0.0,0.0,0.0,2017-11-21
184,61098.0,muebles,mueble auxiliar,50.0,0.17,0.14,591.0,13.0,1.87,0.0,1.0,0.0,0.0,
173,61098.0,muebles,mueble auxiliar,50.0,0.17,0.13,627.0,22.0,2.8,0.0,0.0,0.0,0.0,2017-11-22
172,61098.0,muebles,mueble auxiliar,50.0,0.21,0.0,1.0,0.0,0.0,0.0,0.0,0.0,0.0,
113,61098.0,muebles,mueble auxiliar,50.0,0.17,0.1,582.0,10.0,1.05,0.0,0.0,0.0,0.0,2017-11-23
114,61098.0,muebles,mueble auxiliar,50.0,0.21,0.0,6.0,0.0,0.0,0.0,0.0,0.0,0.0,
24,61098.0,muebles,mueble auxiliar,50.0,0.17,0.14,451.0,9.0,1.28,0.0,0.0,0.0,0.0,2017-11-24
23,61098.0,muebles,mueble auxiliar,50.0,0.21,0.0,8.0,0.0,0.0,0.0,0.0,0.0,0.0,
45,61098.0,muebles,mueble auxiliar,50.0,0.21,0.0,6.0,0.0,0.0,0.0,0.0,0.0,0.0,2017-11-25
44,61098.0,muebles,mueble auxiliar,50.0,0.17,0.12,691.0,12.0,1.45,0.0,0.0,0.0,0.0,
151,61098.0,muebles,mueble auxiliar,50.0,0.17,0.1,657.0,14.0,1.35,0.0,1.0,0.0,0.0,2017-11-26
150,61098.0,muebles,mueble auxiliar,50.0,0.21,0.0,9.0,0.0,0.0,0.0,0.0,0.0,0.0,
13,61098.0,muebles,mueble auxiliar,50.0,0.21,0.0,9.0,0.0,0.0,0.0,0.0,0.0,0.0,2017-11-27
12,61098.0,muebles,mueble auxiliar,50.0,0.17,0.12,491.0,19.0,2.25,0.0,0.0,0.0,0.0,
8,61098.0,muebles,mueble auxiliar,50.0,0.17,0.11,440.0,19.0,2.07,0.0,0.0,0.0,0.0,2017-11-28
9,61098.0,muebles,mueble auxiliar,50.0,0.21,0.0,12.0,0.0,0.0,0.0,0.0,0.0,0.0,
18,61098.0,muebles,mueble auxiliar,50.0,0.21,0.0,14.0,0.0,0.0,0.0,0.0,0.0,0.0,2017-11-29
19,61098.0,muebles,mueble auxiliar,50.0,0.17,0.13,639.0,23.0,2.99,0.0,0.0,0.0,0.0,
168,61098.0,muebles,mueble auxiliar,50.0,0.21,0.0,17.0,0.0,0.0,0.0,0.0,0.0,0.0,2017-11-30
167,61098.0,muebles,mueble auxiliar,50.0,0.17,0.14,496.0,6.0,0.87,0.0,0.0,0.0,0.0,
50,61098.0,muebles,mueble auxiliar,50.0,0.17,0.12,329.0,8.0,0.94,0.0,0.0,0.0,0.0,2017-12-01
51,61098.0,muebles,mueble auxiliar,50.0,0.21,0.0,4.0,0.0,0.0,0.0,0.0,0.0,0.0,
141,61098.0,muebles,mueble auxiliar,50.0,0.21,0.0,21.0,0.0,0.0,0.0,0.0,0.0,0.0,2017-12-02
140,61098.0,muebles,mueble auxiliar,50.0,0.17,0.12,560.0,22.0,2.67,0.0,0.0,0.0,0.0,
85,61098.0,muebles,mueble auxiliar,50.0,0.17,0.1,599.0,10.0,1.0,0.0,0.0,0.0,0.0,2017-12-03
86,61098.0,muebles,mueble auxiliar,50.0,0.21,0.0,20.0,0.0,0.0,0.0,0.0,0.0,0.0,
28,61098.0,muebles,mueble auxiliar,50.0,0.17,0.12,452.0,10.0,1.21,0.0,0.0,0.0,0.0,2017-12-04
27,61098.0,muebles,mueble auxiliar,50.0,0.21,0.0,13.0,0.0,0.0,0.0,0.0,0.0,0.0,
89,61098.0,muebles,mueble auxiliar,50.0,0.21,0.0,16.0,0.0,0.0,0.0,0.0,0.0,0.0,2017-12-05
90,61098.0,muebles,mueble auxiliar,50.0,0.17,0.14,379.0,13.0,1.82,0.0,0.0,0.0,0.0,
91,61098.0,muebles,mueble auxiliar,50.0,0.17,0.12,512.0,11.0,1.28,1.0,2.0,51.9,51.9,2017-12-06
92,61098.0,muebles,mueble auxiliar,50.0,0.21,0.05,7.0,1.0,0.05,0.0,0.0,0.0,0.0,
108,61098.0,muebles,mueble auxiliar,50.0,0.21,0.0,2.0,0.0,0.0,0.0,0.0,0.0,0.0,2017-12-07
107,61098.0,muebles,mueble auxiliar,50.0,0.17,0.12,356.0,14.0,1.72,0.0,0.0,0.0,0.0,
223,61098.0,muebles,mueble auxiliar,50.0,0.21,0.0,6.0,0.0,0.0,0.0,0.0,0.0,0.0,2017-12-08
224,61098.0,muebles,mueble auxiliar,50.0,0.17,0.12,473.0,18.0,2.12,1.0,1.0,49.9,49.9,
208,61098.0,muebles,mueble auxiliar,50.0,0.21,0.0,13.0,0.0,0.0,0.0,0.0,0.0,0.0,2017-12-09
209,61098.0,muebles,mueble auxiliar,50.0,0.17,0.12,497.0,12.0,1.43,0.0,0.0,0.0,0.0,
130,61098.0,muebles,mueble auxiliar,50.0,0.21,0.08,7.0,1.0,0.08,0.0,0.0,0.0,0.0,2017-12-10
131,61098.0,muebles,mueble auxiliar,50.0,0.17,0.13,561.0,16.0,2.03,0.0,1.0,0.0,0.0,
169,61098.0,muebles,mueble auxiliar,50.0,0.17,0.13,491.0,13.0,1.7,0.0,0.0,0.0,0.0,2017-12-11
170,61098.0,muebles,mueble auxiliar,50.0,0.21,0.0,2.0,0.0,0.0,0.0,0.0,0.0,0.0,
42,61098.0,muebles,mueble auxiliar,50.0,0.21,0.0,5.0,0.0,0.0,0.0,0.0,0.0,0.0,2017-12-12
43,61098.0,muebles,mueble auxiliar,50.0,0.17,0.12,445.0,22.0,2.58,0.0,0.0,0.0,0.0,
179,61098.0,muebles,mueble auxiliar,50.0,0.21,0.0,9.0,0.0,0.0,0.0,0.0,0.0,0.0,2017-12-13
178,61098.0,muebles,mueble auxiliar,50.0,0.17,0.1,482.0,10.0,0.96,0.0,0.0,0.0,0.0,
71,61098.0,muebles,mueble auxiliar,50.0,0.21,0.0,4.0,0.0,0.0,0.0,0.0,0.0,0.0,2017-12-14
70,61098.0,muebles,mueble auxiliar,50.0,0.17,0.12,379.0,12.0,1.38,0.0,0.0,0.0,0.0,
226,61098.0,muebles,mueble auxiliar,50.0,0.17,0.13,381.0,11.0,1.48,0.0,0.0,0.0,0.0,2017-12-15
225,61098.0,muebles,mueble auxiliar,50.0,0.21,0.0,9.0,0.0,0.0,0.0,0.0,0.0,0.0,
205,61098.0,muebles,mueble auxiliar,50.0,0.17,0.11,223.0,11.0,1.19,1.0,3.0,51.9,51.9,2017-12-16
204,61098.0,muebles,mueble auxiliar,50.0,0.21,0.0,5.0,0.0,0.0,0.0,0.0,0.0,0.0,
206,61098.0,muebles,mueble auxiliar,50.0,0.21,0.0,7.0,0.0,0.0,0.0,0.0,0.0,0.0,2017-12-17
207,61098.0,muebles,mueble auxiliar,50.0,0.17,0.14,198.0,6.0,0.83,0.0,0.0,0.0,0.0,
4,61098.0,muebles,mueble auxiliar,50.0,0.21,0.0,8.0,0.0,0.0,0.0,0.0,0.0,0.0,2017-12-18
5,61098.0,muebles,mueble auxiliar,50.0,0.18,0.0,62.0,0.0,0.0,0.0,0.0,0.0,0.0,
3,61098.0,muebles,mueble auxiliar,50.0,0.17,0.14,106.0,4.0,0.58,0.0,0.0,0.0,0.0,
161,61098.0,muebles,mueble auxiliar,50.0,0.17,0.11,102.0,2.0,0.22,0.0,0.0,0.0,0.0,2017-12-19
162,61098.0,muebles,mueble auxiliar,50.0,0.18,0.0,79.0,0.0,0.0,0.0,0.0,0.0,0.0,
163,61098.0,muebles,mueble auxiliar,50.0,0.21,0.0,14.0,0.0,0.0,0.0,0.0,0.0,0.0,
31,61098.0,muebles,mueble auxiliar,50.0,0.21,0.0,2.0,0.0,0.0,0.0,0.0,0.0,0.0,2017-12-20
32,61098.0,muebles,mueble auxiliar,50.0,0.17,0.11,138.0,2.0,0.22,0.0,0.0,0.0,0.0,
33,61098.0,muebles,mueble auxiliar,50.0,0.18,0.15,55.0,1.0,0.15,0.0,0.0,0.0,0.0,
122,61098.0,muebles,mueble auxiliar,50.0,0.17,0.1,120.0,3.0,0.31,0.0,0.0,0.0,0.0,2017-12-21
121,61098.0,muebles,mueble auxiliar,50.0,0.21,0.0,4.0,0.0,0.0,0.0,0.0,0.0,0.0,
149,61098.0,muebles,mueble auxiliar,50.0,0.21,0.0,6.0,0.0,0.0,0.0,0.0,0.0,0.0,2017-12-22
148,61098.0,muebles,mueble auxiliar,50.0,0.17,0.11,85.0,1.0,0.11,0.0,0.0,0.0,0.0,
66,61098.0,muebles,mueble auxiliar,50.0,0.17,0.11,83.0,1.0,0.11,0.0,0.0,0.0,0.0,2017-12-23
67,61098.0,muebles,mueble auxiliar,50.0,0.21,0.0,9.0,0.0,0.0,0.0,0.0,0.0,0.0,
55,61098.0,muebles,mueble auxiliar,50.0,0.21,0.0,3.0,0.0,0.0,0.0,0.0,0.0,0.0,2017-12-24
56,61098.0,muebles,mueble auxiliar,50.0,0.17,0.1,140.0,5.0,0.49,0.0,0.0,0.0,0.0,
175,61098.0,muebles,mueble auxiliar,50.0,0.17,0.09,303.0,8.0,0.75,0.0,0.0,0.0,0.0,2017-12-25
176,61098.0,muebles,mueble auxiliar,50.0,0.21,0.0,8.0,0.0,0.0,0.0,0.0,0.0,0.0,
192,61098.0,muebles,mueble auxiliar,50.0,0.21,0.08,7.0,1.0,0.08,0.0,0.0,0.0,0.0,2017-12-26
193,61098.0,muebles,mueble auxiliar,50.0,0.17,0.13,480.0,14.0,1.76,0.0,1.0,0.0,0.0,
191,61098.0,muebles,mueble auxiliar,50.0,0.17,0.16,328.0,10.0,1.56,0.0,0.0,0.0,0.0,2017-12-27
190,61098.0,muebles,mueble auxiliar,50.0,0.21,0.0,14.0,0.0,0.0,0.0,0.0,0.0,0.0,
111,61098.0,muebles,mueble auxiliar,50.0,0.21,0.0,3.0,0.0,0.0,0.0,0.0,0.0,0.0,2017-12-28
112,61098.0,muebles,mueble auxiliar,50.0,0.17,0.12,353.0,9.0,1.09,1.0,2.0,49.9,49.9,
36,61098.0,muebles,mueble auxiliar,50.0,0.21,0.0,1.0,0.0,0.0,0.0,0.0,0.0,0.0,2017-12-29
37,61098.0,muebles,mueble auxiliar,50.0,0.17,0.0,121.0,0.0,0.0,0.0,0.0,0.0,0.0,
145,61098.0,muebles,mueble auxiliar,50.0,0.21,0.0,2.0,0.0,0.0,0.0,0.0,0.0,0.0,2017-12-30
144,61098.0,muebles,mueble auxiliar,50.0,0.17,0.0,40.0,0.0,0.0,0.0,0.0,0.0,0.0,
216,61098.0,muebles,mueble auxiliar,50.0,0.17,0.0,18.0,0.0,0.0,0.0,0.0,0.0,0.0,2017-12-31
586,61098.0,organización y almacenamiento,percheros,50.0,0.0,0.0,0.0,0.0,0.0,0.0,0.0,0.0,0.0,2018-01-01
194,61098.0,muebles,mueble auxiliar,50.0,0.17,0.0,99.0,0.0,0.0,0.0,0.0,0.0,0.0,2018-01-02
213,61098.0,muebles,mueble auxiliar,50.0,0.17,0.12,420.0,8.0,0.98,0.0,0.0,0.0,0.0,2018-01-03
212,61098.0,muebles,mueble auxiliar,50.0,0.21,0.0,3.0,0.0,0.0,0.0,0.0,0.0,0.0,
81,61098.0,muebles,mueble auxiliar,50.0,0.17,0.12,338.0,6.0,0.73,0.0,0.0,0.0,0.0,2018-01-04
80,61098.0,muebles,mueble auxiliar,50.0,0.21,0.07,16.0,1.0,0.07,0.0,0.0,0.0,0.0,
75,61098.0,muebles,mueble auxiliar,50.0,0.21,0.0,11.0,0.0,0.0,0.0,0.0,0.0,0.0,2018-01-05
74,61098.0,muebles,mueble auxiliar,50.0,0.17,0.14,250.0,7.0,0.99,0.0,0.0,0.0,0.0,
214,61098.0,muebles,mueble auxiliar,50.0,0.21,0.0,13.0,0.0,0.0,0.0,0.0,0.0,0.0,2018-01-06
215,61098.0,muebles,mueble auxiliar,50.0,0.17,0.11,347.0,8.0,0.91,0.0,0.0,0.0,0.0,
133,61098.0,muebles,mueble auxiliar,50.0,0.17,0.11,25.0,1.0,0.11,0.0,0.0,0.0,0.0,2018-01-07
132,61098.0,muebles,mueble auxiliar,50.0,0.21,0.0,5.0,0.0,0.0,0.0,0.0,0.0,0.0,
84,61098.0,muebles,mueble auxiliar,40.0,0.21,0.0,73.0,0.0,0.0,0.0,0.0,0.0,0.0,2018-01-08
198,61098.0,muebles,mueble auxiliar,40.0,0.21,0.07,87.0,3.0,0.2,0.0,0.0,0.0,0.0,2018-01-09
177,61098.0,muebles,mueble auxiliar,40.0,0.21,0.05,128.0,2.0,0.1,0.0,0.0,0.0,0.0,2018-01-10
99,61098.0,muebles,mueble auxiliar,40.0,0.21,0.05,99.0,2.0,0.1,0.0,0.0,0.0,0.0,2018-01-11
61,61098.0,muebles,mueble auxiliar,40.0,0.21,0.04,95.0,2.0,0.09,0.0,0.0,0.0,0.0,2018-01-12
152,61098.0,muebles,mueble auxiliar,40.0,0.21,0.05,88.0,3.0,0.16,0.0,0.0,0.0,0.0,2018-01-13
220,61098.0,muebles,mueble auxiliar,40.0,0.21,0.06,133.0,1.0,0.06,0.0,0.0,0.0,0.0,2018-01-14
2,61098.0,muebles,mueble auxiliar,40.0,0.21,0.07,73.0,2.0,0.14,0.0,0.0,0.0,0.0,2018-01-15
157,61098.0,muebles,mueble auxiliar,40.0,0.21,0.07,85.0,3.0,0.21,0.0,0.0,0.0,0.0,2018-01-16
158,61098.0,muebles,mueble auxiliar,40.0,0.21,0.05,76.0,1.0,0.05,0.0,0.0,0.0,0.0,2018-01-17
22,61098.0,muebles,mueble auxiliar,40.0,0.21,0.0,102.0,0.0,0.0,0.0,0.0,0.0,0.0,2018-01-18
117,61098.0,muebles,mueble auxiliar,40.0,0.21,0.06,70.0,2.0,0.12,0.0,0.0,0.0,0.0,2018-01-19
221,61098.0,muebles,mueble auxiliar,40.0,0.21,0.05,56.0,1.0,0.05,0.0,0.0,0.0,0.0,2018-01-20
166,61098.0,muebles,mueble auxiliar,40.0,0.21,0.0,81.0,0.0,0.0,0.0,0.0,0.0,0.0,2018-01-21
52,61098.0,organización y almacenamiento,percheros,40.0,0.15,0.0,10.0,0.0,0.0,0.0,0.0,0.0,0.0,2018-01-22
54,61098.0,muebles,mueble auxiliar,40.0,0.21,0.0,6.0,0.0,0.0,0.0,0.0,0.0,0.0,
53,61098.0,organización y almacenamiento,percheros,40.0,0.17,0.15,899.0,13.0,1.94,0.0,0.0,0.0,0.0,
30,61098.0,organización y almacenamiento,percheros,10.0,0.17,0.14,684.0,13.0,1.78,0.0,0.0,0.0,0.0,2018-01-23
29,61098.0,organización y almacenamiento,percheros,40.0,0.17,0.14,164.0,5.0,0.69,0.0,0.0,0.0,0.0,
116,61098.0,organización y almacenamiento,percheros,10.0,0.17,0.19,211.0,6.0,1.14,0.0,0.0,0.0,0.0,2018-01-24
115,61098.0,organización y almacenamiento,percheros,40.0,0.17,0.12,421.0,8.0,0.93,0.0,0.0,0.0,0.0,
120,61098.0,organización y almacenamiento,percheros,40.0,0.17,0.12,544.0,21.0,2.48,0.0,1.0,0.0,0.0,2018-01-25
219,61098.0,organización y almacenamiento,percheros,40.0,0.17,0.11,776.0,28.0,3.21,1.0,2.0,51.6,51.6,2018-01-26
195,61098.0,organización y almacenamiento,percheros,40.0,0.17,0.1,930.0,31.0,3.04,0.0,0.0,0.0,0.0,2018-01-27
63,61098.0,organización y almacenamiento,percheros,40.0,0.17,0.11,1209.0,37.0,4.14,1.0,3.0,107.8,107.8,2018-01-28
182,61098.0,organización y almacenamiento,percheros,40.0,0.17,0.11,874.0,23.0,2.48,0.0,0.0,0.0,0.0,2018-01-29
199,61098.0,organización y almacenamiento,percheros,40.0,0.17,0.11,725.0,19.0,2.01,0.0,0.0,0.0,0.0,2018-01-30
187,61098.0,organización y almacenamiento,percheros,40.0,0.17,0.12,685.0,21.0,2.47,0.0,0.0,0.0,0.0,2018-01-31
171,61098.0,organización y almacenamiento,percheros,40.0,0.17,0.11,770.0,26.0,2.91,0.0,0.0,0.0,0.0,2018-02-01
222,61098.0,organización y almacenamiento,percheros,40.0,0.17,0.11,693.0,20.0,2.17,1.0,1.0,39.9,39.9,2018-02-02
174,61098.0,organización y almacenamiento,percheros,40.0,0.17,0.1,757.0,24.0,2.51,1.0,4.0,39.9,39.9,2018-02-03
62,61098.0,organización y almacenamiento,percheros,40.0,0.17,0.12,96.0,3.0,0.37,0.0,0.0,0.0,0.0,2018-02-04
587,61098.0,organización y almacenamiento,percheros,50.0,0.0,0.0,0.0,0.0,0.0,0.0,0.0,0.0,0.0,2018-02-05
588,61098.0,organización y almacenamiento,percheros,50.0,0.0,0.0,0.0,0.0,0.0,0.0,0.0,0.0,0.0,2018-02-06
589,61098.0,organización y almacenamiento,percheros,50.0,0.0,0.0,0.0,0.0,0.0,0.0,0.0,0.0,0.0,2018-02-07
259,61098.0,organización y almacenamiento,percheros,40.0,0.17,0.08,17.0,1.0,0.08,0.0,0.0,0.0,0.0,2018-02-08
404,61098.0,organización y almacenamiento,percheros,40.0,0.17,0.0,13.0,0.0,0.0,0.0,0.0,0.0,0.0,2018-02-09
409,61098.0,organización y almacenamiento,percheros,40.0,0.17,0.0,9.0,0.0,0.0,0.0,0.0,0.0,0.0,2018-02-10
327,61098.0,organización y almacenamiento,percheros,40.0,0.17,0.0,15.0,0.0,0.0,0.0,0.0,0.0,0.0,2018-02-11
244,61098.0,organización y almacenamiento,percheros,40.0,0.17,0.11,562.0,10.0,1.14,1.0,1.0,37.4,37.4,2018-02-12
398,61098.0,organización y almacenamiento,percheros,40.0,0.17,0.11,641.0,9.0,1.01,0.0,0.0,0.0,0.0,2018-02-13
353,61098.0,organización y almacenamiento,percheros,40.0,0.17,0.11,467.0,13.0,1.43,1.0,1.0,37.4,37.4,2018-02-14
260,61098.0,organización y almacenamiento,percheros,40.0,0.17,0.12,490.0,12.0,1.49,0.0,0.0,0.0,0.0,2018-02-15
355,61098.0,organización y almacenamiento,percheros,40.0,0.17,0.09,394.0,18.0,1.7,0.0,0.0,0.0,0.0,2018-02-16
372,61098.0,organización y almacenamiento,percheros,40.0,0.17,0.12,547.0,11.0,1.32,0.0,0.0,0.0,0.0,2018-02-17
391,61098.0,organización y almacenamiento,percheros,40.0,0.17,0.11,121.0,2.0,0.22,0.0,0.0,0.0,0.0,2018-02-18
298,61098.0,organización y almacenamiento,percheros,40.0,0.17,0.16,42.0,1.0,0.16,0.0,0.0,0.0,0.0,2018-02-19
324,61098.0,organización y almacenamiento,percheros,50.0,0.17,0.13,669.0,13.0,1.71,0.0,0.0,0.0,0.0,2018-02-20
323,61098.0,organización y almacenamiento,percheros,40.0,0.17,0.11,118.0,1.0,0.11,0.0,0.0,0.0,0.0,
325,61098.0,organización y almacenamiento,percheros,50.0,0.17,0.15,765.0,19.0,2.84,0.0,0.0,0.0,0.0,2018-02-21
412,61098.0,organización y almacenamiento,percheros,50.0,0.17,0.1,577.0,13.0,1.35,0.0,0.0,0.0,0.0,2018-02-22
310,61098.0,organización y almacenamiento,percheros,50.0,0.17,0.09,489.0,12.0,1.12,0.0,0.0,0.0,0.0,2018-02-23
342,61098.0,organización y almacenamiento,percheros,50.0,0.17,0.1,656.0,11.0,1.13,0.0,0.0,0.0,0.0,2018-02-24
341,61098.0,organización y almacenamiento,percheros,50.0,0.17,0.11,780.0,13.0,1.37,0.0,0.0,0.0,0.0,2018-02-25
254,61098.0,organización y almacenamiento,percheros,50.0,0.17,0.1,694.0,6.0,0.58,0.0,0.0,0.0,0.0,2018-02-26
267,61098.0,organización y almacenamiento,percheros,50.0,0.17,0.11,459.0,15.0,1.58,0.0,0.0,0.0,0.0,2018-02-27
272,61098.0,organización y almacenamiento,percheros,50.0,0.17,0.11,577.0,17.0,1.86,2.0,3.0,94.8,94.8,2018-02-28
351,61098.0,organización y almacenamiento,percheros,50.0,0.17,0.1,345.0,8.0,0.84,0.0,0.0,0.0,0.0,2018-03-01
393,61098.0,organización y almacenamiento,percheros,50.0,0.17,0.11,480.0,3.0,0.34,0.0,0.0,0.0,0.0,2018-03-02
232,61098.0,organización y almacenamiento,percheros,50.0,0.17,0.07,505.0,9.0,0.64,0.0,0.0,0.0,0.0,2018-03-03
396,61098.0,organización y almacenamiento,percheros,50.0,0.17,0.1,514.0,4.0,0.39,0.0,0.0,0.0,0.0,2018-03-04
264,61098.0,organización y almacenamiento,percheros,50.0,0.17,0.1,362.0,4.0,0.4,0.0,0.0,0.0,0.0,2018-03-05
386,61098.0,organización y almacenamiento,percheros,50.0,0.17,0.1,331.0,6.0,0.59,0.0,0.0,0.0,0.0,2018-03-06
299,61098.0,organización y almacenamiento,percheros,50.0,0.17,0.1,317.0,11.0,1.05,0.0,0.0,0.0,0.0,2018-03-07
382,61098.0,organización y almacenamiento,percheros,50.0,0.17,0.09,247.0,3.0,0.26,0.0,0.0,0.0,0.0,2018-03-08
358,61098.0,organización y almacenamiento,percheros,50.0,0.17,0.09,320.0,7.0,0.62,0.0,0.0,0.0,0.0,2018-03-09
304,61098.0,organización y almacenamiento,percheros,50.0,0.17,0.08,310.0,9.0,0.75,0.0,0.0,0.0,0.0,2018-03-10
270,61098.0,organización y almacenamiento,percheros,50.0,0.17,0.1,457.0,15.0,1.56,0.0,0.0,0.0,0.0,2018-03-11
397,61098.0,organización y almacenamiento,percheros,50.0,0.17,0.08,259.0,3.0,0.23,0.0,0.0,0.0,0.0,2018-03-12
417,61098.0,organización y almacenamiento,percheros,50.0,0.17,0.11,343.0,5.0,0.54,0.0,0.0,0.0,0.0,2018-03-13
309,61098.0,organización y almacenamiento,percheros,50.0,0.17,0.13,361.0,4.0,0.51,0.0,0.0,0.0,0.0,2018-03-14
301,61098.0,organización y almacenamiento,percheros,50.0,0.17,0.13,264.0,5.0,0.63,0.0,0.0,0.0,0.0,2018-03-15
315,61098.0,organización y almacenamiento,percheros,50.0,0.17,0.12,233.0,4.0,0.49,0.0,0.0,0.0,0.0,2018-03-16
403,61098.0,organización y almacenamiento,percheros,50.0,0.17,0.09,309.0,8.0,0.75,0.0,0.0,0.0,0.0,2018-03-17
286,61098.0,organización y almacenamiento,percheros,50.0,0.17,0.1,534.0,16.0,1.54,0.0,0.0,0.0,0.0,2018-03-18
306,61098.0,organización y almacenamiento,percheros,50.0,0.17,0.12,406.0,18.0,2.12,1.0,2.0,49.9,49.9,2018-03-19
255,61098.0,organización y almacenamiento,percheros,50.0,0.17,0.12,501.0,11.0,1.31,0.0,1.0,0.0,0.0,2018-03-20
401,61098.0,organización y almacenamiento,percheros,50.0,0.17,0.1,374.0,9.0,0.88,0.0,0.0,0.0,0.0,2018-03-21
295,61098.0,organización y almacenamiento,percheros,50.0,0.2,0.12,267.0,4.0,0.5,0.0,0.0,0.0,0.0,2018-03-22
296,61098.0,organización y almacenamiento,percheros,50.0,0.17,0.1,242.0,5.0,0.51,0.0,0.0,0.0,0.0,
261,61098.0,organización y almacenamiento,percheros,50.0,0.2,0.15,619.0,6.0,0.89,0.0,0.0,0.0,0.0,2018-03-23
305,61098.0,organización y almacenamiento,percheros,50.0,0.2,0.13,796.0,13.0,1.65,0.0,0.0,0.0,0.0,2018-03-24
330,61098.0,organización y almacenamiento,percheros,50.0,0.2,0.12,844.0,20.0,2.5,0.0,0.0,0.0,0.0,2018-03-25
375,61098.0,organización y almacenamiento,percheros,50.0,0.2,0.14,682.0,10.0,1.4,1.0,1.0,49.9,49.9,2018-03-26
359,61098.0,organización y almacenamiento,percheros,50.0,0.2,0.13,545.0,5.0,0.64,0.0,0.0,0.0,0.0,2018-03-27
408,61098.0,organización y almacenamiento,percheros,50.0,0.2,0.14,411.0,2.0,0.27,0.0,0.0,0.0,0.0,2018-03-28
234,61098.0,organización y almacenamiento,percheros,50.0,0.2,0.14,578.0,12.0,1.62,0.0,0.0,0.0,0.0,2018-03-29
285,61098.0,organización y almacenamiento,percheros,50.0,0.2,0.13,642.0,13.0,1.69,0.0,0.0,0.0,0.0,2018-03-30
405,61098.0,organización y almacenamiento,percheros,50.0,0.2,0.14,706.0,22.0,2.97,0.0,0.0,0.0,0.0,2018-03-31
347,61098.0,organización y almacenamiento,percheros,50.0,0.2,0.14,791.0,20.0,2.7,0.0,0.0,0.0,0.0,2018-04-01
251,61098.0,organización y almacenamiento,percheros,50.0,0.2,0.14,701.0,16.0,2.2,0.0,0.0,0.0,0.0,2018-04-02
281,61098.0,organización y almacenamiento,percheros,50.0,0.2,0.13,630.0,7.0,0.91,0.0,0.0,0.0,0.0,2018-04-03
373,61098.0,organización y almacenamiento,percheros,50.0,0.2,0.14,490.0,5.0,0.68,0.0,0.0,0.0,0.0,2018-04-04
339,61098.0,organización y almacenamiento,percheros,50.0,0.2,0.14,283.0,8.0,1.08,0.0,0.0,0.0,0.0,2018-04-05
230,61098.0,organización y almacenamiento,percheros,50.0,0.2,0.14,364.0,4.0,0.55,0.0,0.0,0.0,0.0,2018-04-06
229,61098.0,organización y almacenamiento,percheros,50.0,0.2,0.11,416.0,7.0,0.8,0.0,0.0,0.0,0.0,2018-04-07
371,61098.0,organización y almacenamiento,percheros,50.0,0.2,0.14,404.0,13.0,1.82,0.0,0.0,0.0,0.0,2018-04-08
240,61098.0,organización y almacenamiento,percheros,50.0,0.2,0.13,488.0,7.0,0.9,0.0,0.0,0.0,0.0,2018-04-09
256,61098.0,organización y almacenamiento,percheros,50.0,0.2,0.12,332.0,6.0,0.75,0.0,0.0,0.0,0.0,2018-04-10
381,61098.0,organización y almacenamiento,percheros,50.0,0.2,0.12,450.0,6.0,0.74,0.0,0.0,0.0,0.0,2018-04-11
340,61098.0,organización y almacenamiento,percheros,50.0,0.2,0.11,421.0,6.0,0.64,0.0,0.0,0.0,0.0,2018-04-12
338,61098.0,organización y almacenamiento,percheros,50.0,0.2,0.11,500.0,15.0,1.71,0.0,0.0,0.0,0.0,2018-04-13
248,61098.0,organización y almacenamiento,percheros,50.0,0.2,0.14,388.0,6.0,0.82,0.0,0.0,0.0,0.0,2018-04-14
263,61098.0,organización y almacenamiento,percheros,50.0,0.2,0.14,447.0,5.0,0.69,1.0,1.0,49.9,49.9,2018-04-15
302,61098.0,organización y almacenamiento,percheros,50.0,0.2,0.14,387.0,7.0,0.97,0.0,0.0,0.0,0.0,2018-04-16
363,61098.0,organización y almacenamiento,percheros,50.0,0.2,0.14,349.0,10.0,1.36,0.0,0.0,0.0,0.0,2018-04-17
365,61098.0,organización y almacenamiento,percheros,50.0,0.2,0.14,407.0,3.0,0.42,0.0,0.0,0.0,0.0,2018-04-18
233,61098.0,organización y almacenamiento,percheros,50.0,0.2,0.14,545.0,9.0,1.26,1.0,1.0,51.9,51.9,2018-04-19
376,61098.0,organización y almacenamiento,percheros,50.0,0.2,0.13,441.0,13.0,1.73,1.0,1.0,49.9,49.9,2018-04-20
308,61098.0,organización y almacenamiento,percheros,50.0,0.2,0.14,485.0,10.0,1.37,0.0,0.0,0.0,0.0,2018-04-21
350,61098.0,organización y almacenamiento,percheros,50.0,0.2,0.14,543.0,9.0,1.29,0.0,0.0,0.0,0.0,2018-04-22
278,61098.0,organización y almacenamiento,percheros,50.0,0.2,0.14,512.0,10.0,1.42,0.0,0.0,0.0,0.0,2018-04-23
392,61098.0,organización y almacenamiento,percheros,50.0,0.2,0.14,485.0,9.0,1.27,0.0,0.0,0.0,0.0,2018-04-24
289,61098.0,organización y almacenamiento,percheros,50.0,0.2,0.14,663.0,10.0,1.42,0.0,0.0,0.0,0.0,2018-04-25
406,61098.0,organización y almacenamiento,percheros,50.0,0.2,0.14,461.0,17.0,2.4,0.0,0.0,0.0,0.0,2018-04-26
402,61098.0,organización y almacenamiento,percheros,50.0,0.2,0.13,536.0,11.0,1.47,0.0,0.0,0.0,0.0,2018-04-27
378,61098.0,organización y almacenamiento,percheros,50.0,0.2,0.13,650.0,15.0,2.01,0.0,0.0,0.0,0.0,2018-04-28
250,61098.0,organización y almacenamiento,percheros,50.0,0.2,0.14,936.0,14.0,1.93,0.0,0.0,0.0,0.0,2018-04-29
361,61098.0,organización y almacenamiento,percheros,50.0,0.2,0.12,730.0,6.0,0.74,0.0,0.0,0.0,0.0,2018-04-30
362,61098.0,organización y almacenamiento,percheros,50.0,0.2,0.14,586.0,7.0,0.98,0.0,0.0,0.0,0.0,2018-05-01
269,61098.0,organización y almacenamiento,percheros,50.0,0.2,0.14,626.0,16.0,2.2,0.5,0.5,24.95,24.95,2018-05-02
344,61098.0,organización y almacenamiento,percheros,50.0,0.2,0.14,637.0,14.0,1.95,0.0,0.0,0.0,0.0,2018-05-03
343,61098.0,organización y almacenamiento,percheros,50.0,0.2,0.13,556.0,7.0,0.92,0.0,0.0,0.0,0.0,2018-05-04
399,61098.0,organización y almacenamiento,percheros,50.0,0.2,0.13,638.0,17.0,2.29,0.0,0.0,0.0,0.0,2018-05-05
257,61098.0,organización y almacenamiento,percheros,50.0,0.2,0.13,623.0,10.0,1.33,0.0,0.0,0.0,0.0,2018-05-06
336,61098.0,organización y almacenamiento,percheros,50.0,0.2,0.14,503.0,20.0,2.83,0.0,0.0,0.0,0.0,2018-05-07
318,61098.0,organización y almacenamiento,percheros,50.0,0.2,0.14,427.0,8.0,1.09,0.0,0.0,0.0,0.0,2018-05-08
321,61098.0,organización y almacenamiento,percheros,50.0,0.2,0.14,425.0,7.0,0.99,0.0,0.0,0.0,0.0,2018-05-09
231,61098.0,organización y almacenamiento,percheros,50.0,0.2,0.14,442.0,6.0,0.82,0.0,0.0,0.0,0.0,2018-05-10
414,61098.0,organización y almacenamiento,percheros,50.0,0.2,0.12,353.0,6.0,0.7,0.0,0.0,0.0,0.0,2018-05-11
293,61098.0,organización y almacenamiento,percheros,50.0,0.2,0.13,336.0,9.0,1.21,0.0,0.0,0.0,0.0,2018-05-12
419,61098.0,organización y almacenamiento,percheros,50.0,0.2,0.12,437.0,8.0,1.0,0.0,0.0,0.0,0.0,2018-05-13
329,61098.0,organización y almacenamiento,percheros,50.0,0.2,0.13,300.0,12.0,1.59,0.0,0.0,0.0,0.0,2018-05-14
292,61098.0,organización y almacenamiento,percheros,50.0,0.2,0.13,284.0,9.0,1.18,0.0,0.0,0.0,0.0,2018-05-15
239,61098.0,organización y almacenamiento,percheros,50.0,0.2,0.14,457.0,7.0,0.99,0.0,0.0,0.0,0.0,2018-05-16
400,61098.0,organización y almacenamiento,percheros,50.0,0.2,0.14,535.0,6.0,0.85,0.25,0.25,12.48,12.48,2018-05-17
275,61098.0,organización y almacenamiento,percheros,50.0,0.2,0.14,435.0,7.0,1.0,0.0,0.0,0.0,0.0,2018-05-18
377,61098.0,organización y almacenamiento,percheros,50.0,0.2,0.14,503.0,8.0,1.08,0.0,0.0,0.0,0.0,2018-05-19
332,61098.0,organización y almacenamiento,percheros,50.0,0.2,0.13,698.0,19.0,2.52,0.0,0.0,0.0,0.0,2018-05-20
249,61098.0,organización y almacenamiento,percheros,50.0,0.2,0.14,650.0,11.0,1.51,0.0,0.0,0.0,0.0,2018-05-21
297,61098.0,organización y almacenamiento,percheros,50.0,0.2,0.15,288.0,3.0,0.45,0.0,0.0,0.0,0.0,2018-05-22
331,61098.0,organización y almacenamiento,percheros,50.0,0.2,0.0,3.0,0.0,0.0,0.0,0.0,0.0,0.0,2018-05-23
279,61098.0,organización y almacenamiento,percheros,50.0,0.2,0.0,8.0,0.0,0.0,0.0,0.0,0.0,0.0,2018-05-24
241,61098.0,organización y almacenamiento,percheros,50.0,0.2,0.0,5.0,0.0,0.0,0.0,0.0,0.0,0.0,2018-05-25
242,61098.0,organización y almacenamiento,percheros,50.0,0.02,0.0,1.0,0.0,0.0,0.0,0.0,0.0,0.0,
266,61098.0,organización y almacenamiento,percheros,50.0,0.02,0.0,4.0,0.0,0.0,0.0,0.0,0.0,0.0,2018-05-26
265,61098.0,organización y almacenamiento,percheros,50.0,0.2,0.0,8.0,0.0,0.0,0.0,0.0,0.0,0.0,
368,61098.0,organización y almacenamiento,percheros,50.0,0.02,0.0,2.0,0.0,0.0,0.0,0.0,0.0,0.0,2018-05-27
369,61098.0,organización y almacenamiento,percheros,50.0,0.2,0.0,17.0,0.0,0.0,0.0,0.0,0.0,0.0,
284,61098.0,organización y almacenamiento,percheros,50.0,0.02,0.0,1.0,0.0,0.0,0.0,0.0,0.0,0.0,2018-05-28
283,61098.0,organización y almacenamiento,percheros,50.0,0.2,0.0,9.0,0.0,0.0,0.0,0.0,0.0,0.0,
282,61098.0,organización y almacenamiento,percheros,50.0,0.15,0.15,274.0,8.0,1.18,0.0,0.0,0.0,0.0,
333,61098.0,organización y almacenamiento,percheros,50.0,0.15,0.14,624.0,19.0,2.62,0.0,0.0,0.0,0.0,2018-05-29
407,61098.0,organización y almacenamiento,percheros,50.0,0.15,0.13,677.0,20.0,2.69,0.0,0.0,0.0,0.0,2018-05-30
228,61098.0,organización y almacenamiento,percheros,50.0,0.15,0.13,624.0,16.0,2.08,0.0,0.0,0.0,0.0,2018-05-31
354,61098.0,organización y almacenamiento,percheros,50.0,0.15,0.13,548.0,18.0,2.37,0.33,1.33,16.63,16.63,2018-06-01
311,61098.0,organización y almacenamiento,percheros,50.0,0.15,0.13,757.0,17.0,2.19,0.0,0.0,0.0,0.0,2018-06-02
364,61098.0,organización y almacenamiento,percheros,50.0,0.15,0.12,924.0,22.0,2.66,0.17,0.17,8.32,8.32,2018-06-03
290,61098.0,organización y almacenamiento,percheros,50.0,0.15,0.14,737.0,17.0,2.31,0.0,0.0,0.0,0.0,2018-06-04
238,61098.0,organización y almacenamiento,percheros,50.0,0.15,0.14,626.0,9.0,1.27,0.0,0.0,0.0,0.0,2018-06-05
370,61098.0,organización y almacenamiento,percheros,50.0,0.15,0.14,692.0,20.0,2.86,0.0,1.0,0.0,0.0,2018-06-06
374,61098.0,organización y almacenamiento,percheros,50.0,0.15,0.14,783.0,22.0,2.99,0.0,0.0,0.0,0.0,2018-06-07
303,61098.0,organización y almacenamiento,percheros,50.0,0.15,0.14,132.0,2.0,0.27,0.0,0.0,0.0,0.0,2018-06-08
328,61098.0,organización y almacenamiento,percheros,50.0,0.15,0.14,689.0,16.0,2.16,0.0,0.0,0.0,0.0,2018-06-09
360,61098.0,organización y almacenamiento,percheros,50.0,0.15,0.14,1115.0,22.0,3.05,1.0,1.0,49.9,49.9,2018-06-10
271,61098.0,organización y almacenamiento,percheros,50.0,0.15,0.14,923.0,19.0,2.57,0.0,0.0,0.0,0.0,2018-06-11
335,61098.0,organización y almacenamiento,percheros,50.0,0.15,0.12,856.0,18.0,2.16,0.0,0.0,0.0,0.0,2018-06-12
307,61098.0,organización y almacenamiento,percheros,50.0,0.15,0.14,789.0,17.0,2.31,0.0,0.0,0.0,0.0,2018-06-13
395,61098.0,organización y almacenamiento,percheros,50.0,0.15,0.14,677.0,4.0,0.57,0.0,0.0,0.0,0.0,2018-06-14
383,61098.0,organización y almacenamiento,percheros,50.0,0.15,0.12,481.0,8.0,0.93,0.0,0.0,0.0,0.0,2018-06-15
352,61098.0,organización y almacenamiento,percheros,50.0,0.15,0.15,600.0,5.0,0.73,0.0,0.0,0.0,0.0,2018-06-16
410,61098.0,organización y almacenamiento,percheros,50.0,0.15,0.14,754.0,13.0,1.8,0.0,0.0,0.0,0.0,2018-06-17
312,61098.0,organización y almacenamiento,percheros,50.0,0.15,0.14,561.0,9.0,1.23,0.0,0.0,0.0,0.0,2018-06-18
322,61098.0,organización y almacenamiento,percheros,50.0,0.15,0.12,540.0,7.0,0.84,0.0,0.0,0.0,0.0,2018-06-19
243,61098.0,organización y almacenamiento,percheros,50.0,0.15,0.13,535.0,5.0,0.66,0.0,0.0,0.0,0.0,2018-06-20
268,61098.0,organización y almacenamiento,percheros,50.0,0.15,0.13,466.0,13.0,1.73,0.0,0.0,0.0,0.0,2018-06-21
262,61098.0,organización y almacenamiento,percheros,50.0,0.15,0.13,408.0,12.0,1.6,0.0,0.0,0.0,0.0,2018-06-22
319,61098.0,organización y almacenamiento,percheros,50.0,0.15,0.14,442.0,6.0,0.85,0.0,0.0,0.0,0.0,2018-06-23
367,61098.0,organización y almacenamiento,percheros,50.0,0.15,0.14,622.0,20.0,2.76,0.1,0.1,4.99,4.99,2018-06-24
300,61098.0,organización y almacenamiento,percheros,50.0,0.15,0.13,670.0,12.0,1.55,0.0,0.0,0.0,0.0,2018-06-25
384,61098.0,organización y almacenamiento,percheros,50.0,0.15,0.14,504.0,11.0,1.5,0.0,0.0,0.0,0.0,2018-06-26
366,61098.0,organización y almacenamiento,percheros,50.0,0.15,0.13,495.0,9.0,1.2,0.0,0.0,0.0,0.0,2018-06-27
276,61098.0,organización y almacenamiento,percheros,50.0,0.15,0.14,576.0,8.0,1.15,0.0,0.0,0.0,0.0,2018-06-28
247,61098.0,organización y almacenamiento,percheros,50.0,0.15,0.12,491.0,12.0,1.46,0.0,0.0,0.0,0.0,2018-06-29
411,61098.0,organización y almacenamiento,percheros,50.0,0.15,0.13,748.0,15.0,1.94,0.0,0.0,0.0,0.0,2018-06-30
316,61098.0,organización y almacenamiento,percheros,50.0,0.15,0.12,850.0,17.0,2.08,0.0,1.0,0.0,0.0,2018-07-01
291,61098.0,organización y almacenamiento,percheros,50.0,0.15,0.12,831.0,17.0,2.07,0.0,0.0,0.0,0.0,2018-07-02
280,61098.0,organización y almacenamiento,percheros,50.0,0.15,0.13,691.0,14.0,1.78,0.0,0.0,0.0,0.0,2018-07-03
253,61098.0,organización y almacenamiento,percheros,50.0,0.15,0.12,676.0,6.0,0.71,0.0,0.0,0.0,0.0,2018-07-04
416,61098.0,organización y almacenamiento,percheros,50.0,0.15,0.13,660.0,13.0,1.72,1.0,1.0,49.9,49.9,2018-07-05
288,61098.0,organización y almacenamiento,percheros,50.0,0.15,0.12,546.0,3.0,0.36,0.0,0.0,0.0,0.0,2018-07-06
420,61098.0,organización y almacenamiento,percheros,50.0,0.15,0.12,629.0,17.0,2.1,0.0,1.0,0.0,0.0,2018-07-07
237,61098.0,organización y almacenamiento,percheros,50.0,0.15,0.12,669.0,2.0,0.24,0.0,0.0,0.0,0.0,2018-07-08
258,61098.0,organización y almacenamiento,percheros,50.0,0.15,0.11,618.0,9.0,1.0,0.0,0.0,0.0,0.0,2018-07-09
277,61098.0,organización y almacenamiento,percheros,50.0,0.15,0.14,638.0,10.0,1.44,0.33,0.33,17.3,17.3,2018-07-10
337,61098.0,organización y almacenamiento,percheros,50.0,0.15,0.17,572.0,7.0,1.21,0.33,0.33,17.3,17.3,2018-07-11
227,61098.0,organización y almacenamiento,percheros,50.0,0.15,0.13,515.0,9.0,1.15,0.0,0.0,0.0,0.0,2018-07-12
294,61098.0,organización y almacenamiento,percheros,50.0,0.15,0.12,488.0,9.0,1.11,0.2,0.2,9.98,9.98,2018-07-13
349,61098.0,organización y almacenamiento,percheros,50.0,0.15,0.12,515.0,11.0,1.34,0.33,0.33,16.63,16.63,2018-07-14
326,61098.0,organización y almacenamiento,percheros,50.0,0.15,0.15,547.0,10.0,1.49,0.33,0.33,16.63,16.63,2018-07-15
317,61098.0,organización y almacenamiento,percheros,50.0,0.15,0.14,636.0,8.0,1.13,0.0,0.0,0.0,0.0,2018-07-16
346,61098.0,organización y almacenamiento,percheros,50.0,0.15,0.14,698.0,11.0,1.54,0.0,0.0,0.0,0.0,2018-07-17
313,61098.0,organización y almacenamiento,percheros,50.0,0.15,0.14,512.0,8.0,1.15,0.0,0.0,0.0,0.0,2018-07-18
314,61098.0,organización y almacenamiento,percheros,50.0,0.21,0.15,119.0,6.0,0.88,0.0,0.0,0.0,0.0,
235,61098.0,organización y almacenamiento,percheros,50.0,0.15,0.12,560.0,8.0,1.0,0.0,0.0,0.0,0.0,2018-07-19
236,61098.0,organización y almacenamiento,percheros,50.0,0.21,0.14,46.0,4.0,0.57,0.0,0.0,0.0,0.0,
380,61098.0,organización y almacenamiento,percheros,50.0,0.15,0.12,567.0,10.0,1.24,0.0,0.0,0.0,0.0,2018-07-20
379,61098.0,organización y almacenamiento,percheros,50.0,0.21,0.0,41.0,0.0,0.0,0.0,0.0,0.0,0.0,
245,61098.0,organización y almacenamiento,percheros,50.0,0.21,0.0,47.0,0.0,0.0,0.0,0.0,0.0,0.0,2018-07-21
246,61098.0,organización y almacenamiento,percheros,50.0,0.15,0.16,614.0,9.0,1.44,0.0,0.0,0.0,0.0,
390,61098.0,organización y almacenamiento,percheros,50.0,0.15,0.14,613.0,15.0,2.11,0.0,1.0,0.0,0.0,2018-07-22
389,61098.0,organización y almacenamiento,percheros,50.0,0.21,0.0,47.0,0.0,0.0,0.0,0.0,0.0,0.0,
388,61098.0,organización y almacenamiento,percheros,50.0,0.21,0.12,49.0,2.0,0.24,0.0,0.0,0.0,0.0,2018-07-23
387,61098.0,organización y almacenamiento,percheros,50.0,0.15,0.15,657.0,9.0,1.39,0.0,0.0,0.0,0.0,
357,61098.0,organización y almacenamiento,percheros,50.0,0.21,0.0,21.0,0.0,0.0,0.0,0.0,0.0,0.0,2018-07-24
356,61098.0,organización y almacenamiento,percheros,50.0,0.15,0.19,753.0,16.0,3.1,0.0,0.0,0.0,0.0,
394,61098.0,organización y almacenamiento,percheros,50.0,0.15,0.18,938.0,18.0,3.31,0.0,0.0,0.0,0.0,2018-07-25
415,61098.0,organización y almacenamiento,percheros,50.0,0.15,0.19,856.0,18.0,3.43,0.6,0.6,29.94,29.94,2018-07-26
334,61098.0,organización y almacenamiento,percheros,50.0,0.15,0.2,756.0,11.0,2.24,0.0,0.0,0.0,0.0,2018-07-27
320,61098.0,organización y almacenamiento,percheros,50.0,0.15,0.17,851.0,23.0,4.01,0.99,1.99,49.4,49.4,2018-07-28
418,61098.0,organización y almacenamiento,percheros,50.0,0.15,0.19,940.0,8.0,1.53,0.0,0.0,0.0,0.0,2018-07-29
252,61098.0,organización y almacenamiento,percheros,50.0,0.15,0.17,1106.0,21.0,3.66,0.0,1.0,0.0,0.0,2018-07-30
345,61098.0,organización y almacenamiento,percheros,50.0,0.15,0.22,1049.0,22.0,4.75,0.0,0.0,0.0,0.0,2018-07-31
274,61098.0,organización y almacenamiento,percheros,50.0,0.15,0.15,1068.0,14.0,2.14,0.0,0.0,0.0,0.0,2018-08-01
385,61098.0,organización y almacenamiento,percheros,50.0,0.15,0.2,808.0,9.0,1.8,0.0,0.0,0.0,0.0,2018-08-02
273,61098.0,organización y almacenamiento,percheros,50.0,0.15,0.16,655.0,18.0,2.94,0.0,0.0,0.0,0.0,2018-08-03
348,61098.0,organización y almacenamiento,percheros,50.0,0.15,0.18,796.0,20.0,3.67,0.0,0.0,0.0,0.0,2018-08-04
413,61098.0,organización y almacenamiento,percheros,50.0,0.15,0.21,931.0,20.0,4.15,0.0,0.0,0.0,0.0,2018-08-05
287,61098.0,organización y almacenamiento,percheros,50.0,0.15,0.26,258.0,6.0,1.53,0.0,0.0,0.0,0.0,2018-08-06
590,61098.0,organización y almacenamiento,percheros,50.0,0.0,0.0,0.0,0.0,0.0,0.0,0.0,0.0,0.0,2018-08-07
591,61098.0,organización y almacenamiento,percheros,50.0,0.0,0.0,0.0,0.0,0.0,0.0,0.0,0.0,0.0,2018-08-08
592,61098.0,organización y almacenamiento,percheros,50.0,0.0,0.0,0.0,0.0,0.0,0.0,0.0,0.0,0.0,2018-08-09
593,61098.0,organización y almacenamiento,percheros,50.0,0.0,0.0,0.0,0.0,0.0,0.0,0.0,0.0,0.0,2018-08-10
594,61098.0,organización y almacenamiento,percheros,50.0,0.0,0.0,0.0,0.0,0.0,0.0,0.0,0.0,0.0,2018-08-11
595,61098.0,organización y almacenamiento,percheros,50.0,0.0,0.0,0.0,0.0,0.0,0.0,0.0,0.0,0.0,2018-08-12
596,61098.0,organización y almacenamiento,percheros,50.0,0.0,0.0,0.0,0.0,0.0,0.0,0.0,0.0,0.0,2018-08-13
597,61098.0,organización y almacenamiento,percheros,50.0,0.0,0.0,0.0,0.0,0.0,0.0,0.0,0.0,0.0,2018-08-14
598,61098.0,organización y almacenamiento,percheros,50.0,0.0,0.0,0.0,0.0,0.0,0.0,0.0,0.0,0.0,2018-08-15
599,61098.0,organización y almacenamiento,percheros,50.0,0.0,0.0,0.0,0.0,0.0,0.0,0.0,0.0,0.0,2018-08-16
600,61098.0,organización y almacenamiento,percheros,50.0,0.0,0.0,0.0,0.0,0.0,0.0,0.0,0.0,0.0,2018-08-17
601,61098.0,organización y almacenamiento,percheros,50.0,0.0,0.0,0.0,0.0,0.0,0.0,0.0,0.0,0.0,2018-08-18
602,61098.0,organización y almacenamiento,percheros,50.0,0.0,0.0,0.0,0.0,0.0,0.0,0.0,0.0,0.0,2018-08-19
603,61098.0,organización y almacenamiento,percheros,50.0,0.0,0.0,0.0,0.0,0.0,0.0,0.0,0.0,0.0,2018-08-20
604,61098.0,organización y almacenamiento,percheros,50.0,0.0,0.0,0.0,0.0,0.0,0.0,0.0,0.0,0.0,2018-08-21
605,61098.0,organización y almacenamiento,percheros,50.0,0.0,0.0,0.0,0.0,0.0,0.0,0.0,0.0,0.0,2018-08-22
606,61098.0,organización y almacenamiento,percheros,50.0,0.0,0.0,0.0,0.0,0.0,0.0,0.0,0.0,0.0,2018-08-23
607,61098.0,organización y almacenamiento,percheros,50.0,0.0,0.0,0.0,0.0,0.0,0.0,0.0,0.0,0.0,2018-08-24
608,61098.0,organización y almacenamiento,percheros,50.0,0.0,0.0,0.0,0.0,0.0,0.0,0.0,0.0,0.0,2018-08-25
609,61098.0,organización y almacenamiento,percheros,50.0,0.0,0.0,0.0,0.0,0.0,0.0,0.0,0.0,0.0,2018-08-26
610,61098.0,organización y almacenamiento,percheros,50.0,0.0,0.0,0.0,0.0,0.0,0.0,0.0,0.0,0.0,2018-08-27
611,61098.0,organización y almacenamiento,percheros,50.0,0.0,0.0,0.0,0.0,0.0,0.0,0.0,0.0,0.0,2018-08-28
612,61098.0,organización y almacenamiento,percheros,50.0,0.0,0.0,0.0,0.0,0.0,0.0,0.0,0.0,0.0,2018-08-29
613,61098.0,organización y almacenamiento,percheros,50.0,0.0,0.0,0.0,0.0,0.0,0.0,0.0,0.0,0.0,2018-08-30
614,61098.0,organización y almacenamiento,percheros,50.0,0.0,0.0,0.0,0.0,0.0,0.0,0.0,0.0,0.0,2018-08-31
615,61098.0,organización y almacenamiento,percheros,50.0,0.0,0.0,0.0,0.0,0.0,0.0,0.0,0.0,0.0,2018-09-01
616,61098.0,organización y almacenamiento,percheros,50.0,0.0,0.0,0.0,0.0,0.0,0.0,0.0,0.0,0.0,2018-09-02
617,61098.0,organización y almacenamiento,percheros,50.0,0.0,0.0,0.0,0.0,0.0,0.0,0.0,0.0,0.0,2018-09-03
618,61098.0,organización y almacenamiento,percheros,50.0,0.0,0.0,0.0,0.0,0.0,0.0,0.0,0.0,0.0,2018-09-04
619,61098.0,organización y almacenamiento,percheros,50.0,0.0,0.0,0.0,0.0,0.0,0.0,0.0,0.0,0.0,2018-09-05
620,61098.0,organización y almacenamiento,percheros,50.0,0.0,0.0,0.0,0.0,0.0,0.0,0.0,0.0,0.0,2018-09-06
621,61098.0,organización y almacenamiento,percheros,50.0,0.0,0.0,0.0,0.0,0.0,0.0,0.0,0.0,0.0,2018-09-07
622,61098.0,organización y almacenamiento,percheros,50.0,0.0,0.0,0.0,0.0,0.0,0.0,0.0,0.0,0.0,2018-09-08
623,61098.0,organización y almacenamiento,percheros,50.0,0.0,0.0,0.0,0.0,0.0,0.0,0.0,0.0,0.0,2018-09-09
624,61098.0,organización y almacenamiento,percheros,50.0,0.0,0.0,0.0,0.0,0.0,0.0,0.0,0.0,0.0,2018-09-10
625,61098.0,organización y almacenamiento,percheros,50.0,0.0,0.0,0.0,0.0,0.0,0.0,0.0,0.0,0.0,2018-09-11
626,61098.0,organización y almacenamiento,percheros,50.0,0.0,0.0,0.0,0.0,0.0,0.0,0.0,0.0,0.0,2018-09-12
627,61098.0,organización y almacenamiento,percheros,50.0,0.0,0.0,0.0,0.0,0.0,0.0,0.0,0.0,0.0,2018-09-13
628,61098.0,organización y almacenamiento,percheros,50.0,0.0,0.0,0.0,0.0,0.0,0.0,0.0,0.0,0.0,2018-09-14
629,61098.0,organización y almacenamiento,percheros,50.0,0.0,0.0,0.0,0.0,0.0,0.0,0.0,0.0,0.0,2018-09-15
630,61098.0,organización y almacenamiento,percheros,50.0,0.0,0.0,0.0,0.0,0.0,0.0,0.0,0.0,0.0,2018-09-16
631,61098.0,organización y almacenamiento,percheros,50.0,0.0,0.0,0.0,0.0,0.0,0.0,0.0,0.0,0.0,2018-09-17
632,61098.0,organización y almacenamiento,percheros,50.0,0.0,0.0,0.0,0.0,0.0,0.0,0.0,0.0,0.0,2018-09-18
633,61098.0,organización y almacenamiento,percheros,50.0,0.0,0.0,0.0,0.0,0.0,0.0,0.0,0.0,0.0,2018-09-19
634,61098.0,organización y almacenamiento,percheros,50.0,0.0,0.0,0.0,0.0,0.0,0.0,0.0,0.0,0.0,2018-09-20
635,61098.0,organización y almacenamiento,percheros,50.0,0.0,0.0,0.0,0.0,0.0,0.0,0.0,0.0,0.0,2018-09-21
636,61098.0,organización y almacenamiento,percheros,50.0,0.0,0.0,0.0,0.0,0.0,0.0,0.0,0.0,0.0,2018-09-22
637,61098.0,organización y almacenamiento,percheros,50.0,0.0,0.0,0.0,0.0,0.0,0.0,0.0,0.0,0.0,2018-09-23
638,61098.0,organización y almacenamiento,percheros,50.0,0.0,0.0,0.0,0.0,0.0,0.0,0.0,0.0,0.0,2018-09-24
639,61098.0,organización y almacenamiento,percheros,50.0,0.0,0.0,0.0,0.0,0.0,0.0,0.0,0.0,0.0,2018-09-25
640,61098.0,organización y almacenamiento,percheros,50.0,0.0,0.0,0.0,0.0,0.0,0.0,0.0,0.0,0.0,2018-09-26
641,61098.0,organización y almacenamiento,percheros,50.0,0.0,0.0,0.0,0.0,0.0,0.0,0.0,0.0,0.0,2018-09-27
642,61098.0,organización y almacenamiento,percheros,50.0,0.0,0.0,0.0,0.0,0.0,0.0,0.0,0.0,0.0,2018-09-28
643,61098.0,organización y almacenamiento,percheros,50.0,0.0,0.0,0.0,0.0,0.0,0.0,0.0,0.0,0.0,2018-09-29
644,61098.0,organización y almacenamiento,percheros,50.0,0.0,0.0,0.0,0.0,0.0,0.0,0.0,0.0,0.0,2018-09-30
645,61098.0,organización y almacenamiento,percheros,50.0,0.0,0.0,0.0,0.0,0.0,0.0,0.0,0.0,0.0,2018-10-01
646,61098.0,organización y almacenamiento,percheros,50.0,0.0,0.0,0.0,0.0,0.0,0.0,0.0,0.0,0.0,2018-10-02
647,61098.0,organización y almacenamiento,percheros,50.0,0.0,0.0,0.0,0.0,0.0,0.0,0.0,0.0,0.0,2018-10-03
648,61098.0,organización y almacenamiento,percheros,50.0,0.0,0.0,0.0,0.0,0.0,0.0,0.0,0.0,0.0,2018-10-04
649,61098.0,organización y almacenamiento,percheros,50.0,0.0,0.0,0.0,0.0,0.0,0.0,0.0,0.0,0.0,2018-10-05
650,61098.0,organización y almacenamiento,percheros,50.0,0.0,0.0,0.0,0.0,0.0,0.0,0.0,0.0,0.0,2018-10-06
651,61098.0,organización y almacenamiento,percheros,50.0,0.0,0.0,0.0,0.0,0.0,0.0,0.0,0.0,0.0,2018-10-07
652,61098.0,organización y almacenamiento,percheros,50.0,0.0,0.0,0.0,0.0,0.0,0.0,0.0,0.0,0.0,2018-10-08
653,61098.0,organización y almacenamiento,percheros,50.0,0.0,0.0,0.0,0.0,0.0,0.0,0.0,0.0,0.0,2018-10-09
654,61098.0,organización y almacenamiento,percheros,50.0,0.0,0.0,0.0,0.0,0.0,0.0,0.0,0.0,0.0,2018-10-10
655,61098.0,organización y almacenamiento,percheros,50.0,0.0,0.0,0.0,0.0,0.0,0.0,0.0,0.0,0.0,2018-10-11
656,61098.0,organización y almacenamiento,percheros,50.0,0.0,0.0,0.0,0.0,0.0,0.0,0.0,0.0,0.0,2018-10-12
657,61098.0,organización y almacenamiento,percheros,50.0,0.0,0.0,0.0,0.0,0.0,0.0,0.0,0.0,0.0,2018-10-13
658,61098.0,organización y almacenamiento,percheros,50.0,0.0,0.0,0.0,0.0,0.0,0.0,0.0,0.0,0.0,2018-10-14
659,61098.0,organización y almacenamiento,percheros,50.0,0.0,0.0,0.0,0.0,0.0,0.0,0.0,0.0,0.0,2018-10-15
660,61098.0,organización y almacenamiento,percheros,50.0,0.0,0.0,0.0,0.0,0.0,0.0,0.0,0.0,0.0,2018-10-16
661,61098.0,organización y almacenamiento,percheros,50.0,0.0,0.0,0.0,0.0,0.0,0.0,0.0,0.0,0.0,2018-10-17
662,61098.0,organización y almacenamiento,percheros,50.0,0.0,0.0,0.0,0.0,0.0,0.0,0.0,0.0,0.0,2018-10-18
663,61098.0,organización y almacenamiento,percheros,50.0,0.0,0.0,0.0,0.0,0.0,0.0,0.0,0.0,0.0,2018-10-19
664,61098.0,organización y almacenamiento,percheros,50.0,0.0,0.0,0.0,0.0,0.0,0.0,0.0,0.0,0.0,2018-10-20
665,61098.0,organización y almacenamiento,percheros,50.0,0.0,0.0,0.0,0.0,0.0,0.0,0.0,0.0,0.0,2018-10-21
666,61098.0,organización y almacenamiento,percheros,50.0,0.0,0.0,0.0,0.0,0.0,0.0,0.0,0.0,0.0,2018-10-22
667,61098.0,organización y almacenamiento,percheros,50.0,0.0,0.0,0.0,0.0,0.0,0.0,0.0,0.0,0.0,2018-10-23
668,61098.0,organización y almacenamiento,percheros,50.0,0.0,0.0,0.0,0.0,0.0,0.0,0.0,0.0,0.0,2018-10-24
669,61098.0,organización y almacenamiento,percheros,50.0,0.0,0.0,0.0,0.0,0.0,0.0,0.0,0.0,0.0,2018-10-25
670,61098.0,organización y almacenamiento,percheros,50.0,0.0,0.0,0.0,0.0,0.0,0.0,0.0,0.0,0.0,2018-10-26
671,61098.0,organización y almacenamiento,percheros,50.0,0.0,0.0,0.0,0.0,0.0,0.0,0.0,0.0,0.0,2018-10-27
672,61098.0,organización y almacenamiento,percheros,50.0,0.0,0.0,0.0,0.0,0.0,0.0,0.0,0.0,0.0,2018-10-28
673,61098.0,organización y almacenamiento,percheros,50.0,0.0,0.0,0.0,0.0,0.0,0.0,0.0,0.0,0.0,2018-10-29
674,61098.0,organización y almacenamiento,percheros,50.0,0.0,0.0,0.0,0.0,0.0,0.0,0.0,0.0,0.0,2018-10-30
675,61098.0,organización y almacenamiento,percheros,50.0,0.0,0.0,0.0,0.0,0.0,0.0,0.0,0.0,0.0,2018-10-31
676,61098.0,organización y almacenamiento,percheros,50.0,0.0,0.0,0.0,0.0,0.0,0.0,0.0,0.0,0.0,2018-11-01
677,61098.0,organización y almacenamiento,percheros,50.0,0.0,0.0,0.0,0.0,0.0,0.0,0.0,0.0,0.0,2018-11-02
678,61098.0,organización y almacenamiento,percheros,50.0,0.0,0.0,0.0,0.0,0.0,0.0,0.0,0.0,0.0,2018-11-03
679,61098.0,organización y almacenamiento,percheros,50.0,0.0,0.0,0.0,0.0,0.0,0.0,0.0,0.0,0.0,2018-11-04
680,61098.0,organización y almacenamiento,percheros,50.0,0.0,0.0,0.0,0.0,0.0,0.0,0.0,0.0,0.0,2018-11-05
681,61098.0,organización y almacenamiento,percheros,50.0,0.0,0.0,0.0,0.0,0.0,0.0,0.0,0.0,0.0,2018-11-06
682,61098.0,organización y almacenamiento,percheros,50.0,0.0,0.0,0.0,0.0,0.0,0.0,0.0,0.0,0.0,2018-11-07
683,61098.0,organización y almacenamiento,percheros,50.0,0.0,0.0,0.0,0.0,0.0,0.0,0.0,0.0,0.0,2018-11-08
684,61098.0,organización y almacenamiento,percheros,50.0,0.0,0.0,0.0,0.0,0.0,0.0,0.0,0.0,0.0,2018-11-09
685,61098.0,organización y almacenamiento,percheros,50.0,0.0,0.0,0.0,0.0,0.0,0.0,0.0,0.0,0.0,2018-11-10
686,61098.0,organización y almacenamiento,percheros,50.0,0.0,0.0,0.0,0.0,0.0,0.0,0.0,0.0,0.0,2018-11-11
687,61098.0,organización y almacenamiento,percheros,50.0,0.0,0.0,0.0,0.0,0.0,0.0,0.0,0.0,0.0,2018-11-12
688,61098.0,organización y almacenamiento,percheros,50.0,0.0,0.0,0.0,0.0,0.0,0.0,0.0,0.0,0.0,2018-11-13
689,61098.0,organización y almacenamiento,percheros,50.0,0.0,0.0,0.0,0.0,0.0,0.0,0.0,0.0,0.0,2018-11-14
530,61098.0,organización y almacenamiento,percheros,50.0,0.15,0.36,284.0,5.0,1.82,0.0,0.0,0.0,0.0,2018-11-15
433,61098.0,organización y almacenamiento,percheros,50.0,0.15,0.32,1501.0,26.0,8.39,0.33,1.4,11.67,76.9,2018-11-16
525,61098.0,organización y almacenamiento,percheros,50.0,0.15,0.38,1350.0,19.0,7.2,0.0,0.0,0.0,0.0,2018-11-17
461,61098.0,organización y almacenamiento,percheros,50.0,0.15,0.45,1141.0,20.0,9.03,0.0,0.0,0.0,0.0,2018-11-18
456,61098.0,organización y almacenamiento,percheros,50.0,0.15,0.43,1247.0,26.0,11.12,0.0,0.0,0.0,0.0,2018-11-19
504,61098.0,organización y almacenamiento,percheros,50.0,0.15,0.39,1303.0,18.0,6.97,0.0,0.0,0.0,0.0,2018-11-20
494,61098.0,organización y almacenamiento,percheros,50.0,0.15,0.44,1450.0,24.0,10.61,0.0,0.0,0.0,0.0,2018-11-21
460,61098.0,organización y almacenamiento,percheros,50.0,0.15,0.38,1397.0,37.0,14.24,0.0,0.0,0.0,0.0,2018-11-22
451,61098.0,organización y almacenamiento,percheros,50.0,0.15,0.37,3649.0,52.0,19.33,0.25,0.35,11.22,15.72,2018-11-23
481,61098.0,organización y almacenamiento,percheros,50.0,0.15,0.4,2815.0,34.0,13.58,0.0,0.0,0.0,0.0,2018-11-24
490,61098.0,organización y almacenamiento,percheros,50.0,0.15,0.4,2948.0,37.0,14.91,0.0,0.0,0.0,0.0,2018-11-25
505,61098.0,organización y almacenamiento,percheros,50.0,0.15,0.46,2491.0,32.0,14.73,0.0,0.0,0.0,0.0,2018-11-26
425,61098.0,organización y almacenamiento,percheros,50.0,0.15,0.0,14.0,0.0,0.0,0.0,0.0,0.0,0.0,2018-11-27
690,61098.0,organización y almacenamiento,percheros,50.0,0.0,0.0,0.0,0.0,0.0,0.0,0.0,0.0,0.0,2018-11-28
691,61098.0,organización y almacenamiento,percheros,50.0,0.0,0.0,0.0,0.0,0.0,0.0,0.0,0.0,0.0,2018-11-29
476,61098.0,organización y almacenamiento,percheros,50.0,0.15,1.04,115.0,1.0,1.04,0.0,0.0,0.0,0.0,2018-11-30
501,61098.0,organización y almacenamiento,percheros,50.0,0.15,0.4,386.0,2.0,0.79,0.0,0.0,0.0,0.0,2018-12-01
480,61098.0,organización y almacenamiento,percheros,50.0,0.15,0.42,341.0,4.0,1.68,0.0,0.0,0.0,0.0,2018-12-02
434,61098.0,organización y almacenamiento,percheros,50.0,0.15,0.3,220.0,6.0,1.79,0.0,0.0,0.0,0.0,2018-12-03
442,61098.0,organización y almacenamiento,percheros,50.0,0.15,0.37,224.0,4.0,1.48,0.0,0.0,0.0,0.0,2018-12-04
486,61098.0,organización y almacenamiento,percheros,50.0,0.15,0.47,191.0,4.0,1.87,0.0,0.0,0.0,0.0,2018-12-05
495,61098.0,organización y almacenamiento,percheros,50.0,0.15,0.98,196.0,4.0,3.92,0.0,0.0,0.0,0.0,2018-12-06
512,61098.0,organización y almacenamiento,percheros,50.0,0.15,0.55,242.0,4.0,2.19,0.0,0.0,0.0,0.0,2018-12-07
551,61098.0,organización y almacenamiento,percheros,50.0,0.15,0.38,239.0,3.0,1.14,0.0,0.0,0.0,0.0,2018-12-08
528,61098.0,organización y almacenamiento,percheros,50.0,0.15,0.7,295.0,4.0,2.79,0.0,0.0,0.0,0.0,2018-12-09
464,61098.0,organización y almacenamiento,percheros,50.0,0.15,0.5,344.0,6.0,2.99,0.0,0.0,0.0,0.0,2018-12-10
497,61098.0,organización y almacenamiento,percheros,50.0,0.15,0.89,158.0,4.0,3.56,1.0,2.0,49.9,99.8,2018-12-11
554,61098.0,organización y almacenamiento,percheros,50.0,0.15,0.24,391.0,1.0,0.24,0.0,0.0,0.0,0.0,2018-12-12
529,61098.0,organización y almacenamiento,percheros,50.0,0.15,0.4,239.0,1.0,0.4,0.0,0.0,0.0,0.0,2018-12-13
517,61098.0,organización y almacenamiento,percheros,50.0,0.15,0.48,305.0,8.0,3.84,0.0,0.0,0.0,0.0,2018-12-14
482,61098.0,organización y almacenamiento,percheros,50.0,0.15,0.42,335.0,4.0,1.7,0.0,0.0,0.0,0.0,2018-12-15
514,61098.0,organización y almacenamiento,percheros,50.0,0.15,0.47,377.0,4.0,1.88,0.0,0.0,0.0,0.0,2018-12-16
555,61098.0,organización y almacenamiento,percheros,50.0,0.15,0.45,447.0,6.0,2.7,0.0,0.0,0.0,0.0,2018-12-17
424,61098.0,organización y almacenamiento,percheros,50.0,0.15,0.46,362.0,6.0,2.77,0.0,0.0,0.0,0.0,2018-12-18
539,61098.0,organización y almacenamiento,percheros,50.0,0.15,0.47,378.0,8.0,3.77,0.0,0.0,0.0,0.0,2018-12-19
443,61098.0,organización y almacenamiento,percheros,50.0,0.15,0.41,525.0,11.0,4.49,0.0,0.5,0.0,24.95,2018-12-20
516,61098.0,organización y almacenamiento,percheros,50.0,0.15,0.37,440.0,4.0,1.49,0.0,0.0,0.0,0.0,2018-12-21
487,61098.0,organización y almacenamiento,percheros,50.0,0.15,0.31,493.0,7.0,2.14,1.0,2.0,49.9,99.8,2018-12-22
467,61098.0,organización y almacenamiento,percheros,50.0,0.15,0.41,379.0,7.0,2.85,0.0,0.0,0.0,0.0,2018-12-23
440,61098.0,organización y almacenamiento,percheros,50.0,0.15,0.44,411.0,6.0,2.64,0.0,0.0,0.0,0.0,2018-12-24
436,61098.0,organización y almacenamiento,percheros,50.0,0.15,0.23,296.0,3.0,0.7,0.0,0.0,0.0,0.0,2018-12-25
448,61098.0,organización y almacenamiento,percheros,50.0,0.15,0.57,308.0,6.0,3.4,0.0,0.0,0.0,0.0,2018-12-26
422,61098.0,organización y almacenamiento,percheros,50.0,0.15,0.33,461.0,10.0,3.29,0.0,0.0,0.0,0.0,2018-12-27
492,61098.0,organización y almacenamiento,percheros,50.0,0.15,0.53,321.0,4.0,2.11,0.0,0.0,0.0,0.0,2018-12-28
502,61098.0,organización y almacenamiento,percheros,50.0,0.15,0.31,316.0,4.0,1.24,0.0,0.0,0.0,0.0,2018-12-29
446,61098.0,organización y almacenamiento,percheros,50.0,0.15,0.4,402.0,9.0,3.57,0.0,0.0,0.0,0.0,2018-12-30
522,61098.0,organización y almacenamiento,percheros,50.0,0.15,0.35,802.0,11.0,3.86,0.0,0.0,0.0,0.0,2018-12-31
519,61098.0,organización y almacenamiento,percheros,50.0,0.15,0.66,138.0,3.0,1.99,0.0,0.0,0.0,0.0,2019-01-01
540,61098.0,organización y almacenamiento,percheros,50.0,0.15,0.36,184.0,3.0,1.09,0.0,0.0,0.0,0.0,2019-01-02
526,61098.0,organización y almacenamiento,percheros,50.0,0.15,0.36,200.0,5.0,1.82,0.0,0.0,0.0,0.0,2019-01-03
510,61098.0,organización y almacenamiento,percheros,50.0,0.15,0.28,233.0,4.0,1.11,1.0,1.0,44.9,44.9,2019-01-04
507,61098.0,organización y almacenamiento,percheros,50.0,0.15,0.44,126.0,5.0,2.21,0.0,0.0,0.0,0.0,2019-01-05
423,61098.0,organización y almacenamiento,percheros,50.0,0.15,0.42,291.0,5.0,2.12,0.0,0.0,0.0,0.0,2019-01-06
485,61098.0,organización y almacenamiento,percheros,50.0,0.15,0.55,518.0,4.0,2.19,0.0,0.0,0.0,0.0,2019-01-07
435,61098.0,organización y almacenamiento,percheros,50.0,0.15,0.32,286.0,8.0,2.52,0.0,0.0,0.0,0.0,2019-01-08
547,61098.0,organización y almacenamiento,percheros,50.0,0.15,0.34,254.0,7.0,2.35,0.0,0.0,0.0,0.0,2019-01-09
462,61098.0,organización y almacenamiento,percheros,50.0,0.3,0.27,86.0,4.0,1.08,0.0,0.0,0.0,0.0,2019-01-10
463,61098.0,organización y almacenamiento,percheros,50.0,0.15,0.28,207.0,4.0,1.1,0.0,0.0,0.0,0.0,
524,61098.0,organización y almacenamiento,percheros,50.0,0.3,0.29,529.0,7.0,2.02,0.0,0.0,0.0,0.0,2019-01-11
508,61098.0,organización y almacenamiento,percheros,50.0,0.3,0.24,536.0,7.0,1.71,0.0,0.0,0.0,0.0,2019-01-12
523,61098.0,organización y almacenamiento,percheros,50.0,0.3,0.33,495.0,12.0,4.0,0.0,0.0,0.0,0.0,2019-01-13
444,61098.0,organización y almacenamiento,percheros,50.0,0.3,0.36,323.0,6.0,2.15,0.0,0.0,0.0,0.0,2019-01-14
518,61098.0,organización y almacenamiento,percheros,50.0,0.3,0.27,369.0,7.0,1.87,0.0,0.0,0.0,0.0,2019-01-15
477,61098.0,organización y almacenamiento,percheros,50.0,0.3,0.35,361.0,5.0,1.74,0.0,0.0,0.0,0.0,2019-01-16
449,61098.0,organización y almacenamiento,percheros,50.0,0.3,0.23,317.0,6.0,1.37,0.0,0.0,0.0,0.0,2019-01-17
479,61098.0,organización y almacenamiento,percheros,50.0,0.3,0.32,256.0,7.0,2.26,0.0,0.0,0.0,0.0,2019-01-18
454,61098.0,organización y almacenamiento,percheros,50.0,0.3,0.26,389.0,8.0,2.07,0.0,0.0,0.0,0.0,2019-01-19
441,61098.0,organización y almacenamiento,percheros,50.0,0.3,0.3,403.0,8.0,2.38,0.0,0.0,0.0,0.0,2019-01-20
426,61098.0,organización y almacenamiento,percheros,50.0,0.3,0.43,268.0,8.0,3.45,0.0,0.0,0.0,0.0,2019-01-21
459,61098.0,organización y almacenamiento,percheros,50.0,0.3,0.35,334.0,6.0,2.08,0.0,0.0,0.0,0.0,2019-01-22
469,61098.0,organización y almacenamiento,percheros,50.0,0.3,0.32,382.0,8.0,2.56,0.0,0.0,0.0,0.0,2019-01-23
438,61098.0,organización y almacenamiento,percheros,50.0,0.3,0.24,356.0,3.0,0.71,1.0,2.0,44.9,89.8,2019-01-24
437,61098.0,organización y almacenamiento,percheros,50.0,0.3,0.27,511.0,9.0,2.39,0.0,0.0,0.0,0.0,2019-01-25
527,61098.0,organización y almacenamiento,percheros,50.0,0.3,0.26,474.0,9.0,2.35,0.0,0.0,0.0,0.0,2019-01-26
541,61098.0,organización y almacenamiento,percheros,50.0,0.3,0.22,582.0,2.0,0.43,0.0,0.0,0.0,0.0,2019-01-27
421,61098.0,organización y almacenamiento,percheros,50.0,0.3,0.24,507.0,7.0,1.68,0.75,1.5,33.68,67.35,2019-01-28
520,61098.0,organización y almacenamiento,percheros,50.0,0.3,0.28,548.0,5.0,1.39,0.0,0.0,0.0,0.0,2019-01-29
445,61098.0,organización y almacenamiento,percheros,50.0,0.3,0.27,682.0,8.0,2.18,0.18,0.32,7.93,14.15,2019-01-30
534,61098.0,organización y almacenamiento,percheros,50.0,0.3,0.26,601.0,16.0,4.24,0.0,0.0,0.0,0.0,2019-01-31
468,61098.0,organización y almacenamiento,percheros,50.0,0.3,0.25,805.0,10.0,2.52,0.0,0.0,0.0,0.0,2019-02-01
427,61098.0,organización y almacenamiento,percheros,50.0,0.3,0.26,742.0,19.0,4.91,0.0,0.0,0.0,0.0,2019-02-02
549,61098.0,organización y almacenamiento,percheros,50.0,0.3,0.26,943.0,17.0,4.42,0.0,0.0,0.0,0.0,2019-02-03
431,61098.0,organización y almacenamiento,percheros,50.0,0.3,0.26,863.0,13.0,3.36,0.0,0.0,0.0,0.0,2019-02-04
493,61098.0,organización y almacenamiento,percheros,50.0,0.3,0.26,1006.0,11.0,2.9,0.0,0.0,0.0,0.0,2019-02-05
531,61098.0,organización y almacenamiento,percheros,50.0,0.3,0.19,1407.0,14.0,2.69,0.0,0.0,0.0,0.0,2019-02-06
491,61098.0,organización y almacenamiento,percheros,50.0,0.3,0.28,1005.0,16.0,4.4,0.0,0.0,0.0,0.0,2019-02-07
532,61098.0,organización y almacenamiento,percheros,50.0,0.3,0.36,948.0,16.0,5.72,0.99,1.98,41.98,83.95,2019-02-08
548,61098.0,organización y almacenamiento,percheros,50.0,0.3,0.53,546.0,12.0,6.36,0.0,0.0,0.0,0.0,2019-02-09
428,61098.0,organización y almacenamiento,percheros,50.0,0.3,0.44,602.0,11.0,4.85,0.0,0.0,0.0,0.0,2019-02-10
475,61098.0,organización y almacenamiento,percheros,50.0,0.3,0.68,600.0,11.0,7.52,0.67,1.67,28.27,68.97,2019-02-11
498,61098.0,organización y almacenamiento,percheros,50.0,0.3,0.37,715.0,7.0,2.6,0.0,0.0,0.0,0.0,2019-02-12
509,61098.0,organización y almacenamiento,percheros,50.0,0.3,0.44,468.0,15.0,6.56,0.5,1.0,21.2,42.4,2019-02-13
545,61098.0,organización y almacenamiento,percheros,50.0,0.3,0.34,841.0,7.0,2.38,0.0,0.0,0.0,0.0,2019-02-14
544,61098.0,organización y almacenamiento,percheros,50.0,0.3,0.4,448.0,6.0,2.41,0.0,0.0,0.0,0.0,2019-02-15
439,61098.0,organización y almacenamiento,percheros,50.0,0.3,0.44,305.0,6.0,2.64,0.0,0.0,0.0,0.0,2019-02-16
513,61098.0,organización y almacenamiento,percheros,50.0,0.3,0.3,402.0,3.0,0.89,0.0,0.0,0.0,0.0,2019-02-17
500,61098.0,organización y almacenamiento,percheros,50.0,0.3,0.28,416.0,12.0,3.4,0.0,0.0,0.0,0.0,2019-02-18
452,61098.0,organización y almacenamiento,percheros,50.0,0.3,0.26,376.0,4.0,1.04,0.0,0.0,0.0,0.0,2019-02-19
488,61098.0,organización y almacenamiento,percheros,50.0,0.3,0.36,704.0,9.0,3.24,0.0,0.0,0.0,0.0,2019-02-20
533,61098.0,organización y almacenamiento,percheros,50.0,0.3,0.28,507.0,5.0,1.41,0.0,0.0,0.0,0.0,2019-02-21
537,61098.0,organización y almacenamiento,percheros,50.0,0.3,0.27,386.0,6.0,1.6,0.0,0.0,0.0,0.0,2019-02-22
506,61098.0,organización y almacenamiento,percheros,50.0,0.3,0.25,394.0,10.0,2.48,0.0,0.0,0.0,0.0,2019-02-23
430,61098.0,organización y almacenamiento,percheros,50.0,0.3,0.23,677.0,8.0,1.82,0.0,0.0,0.0,0.0,2019-02-24
471,61098.0,organización y almacenamiento,percheros,50.0,0.3,0.27,439.0,11.0,2.97,0.0,0.0,0.0,0.0,2019-02-25
478,61098.0,organización y almacenamiento,percheros,50.0,0.3,0.28,572.0,11.0,3.03,0.0,0.0,0.0,0.0,2019-02-26
450,61098.0,organización y almacenamiento,percheros,50.0,0.3,0.25,499.0,9.0,2.27,0.0,0.0,0.0,0.0,2019-02-27
546,61098.0,organización y almacenamiento,percheros,50.0,0.3,0.28,650.0,6.0,1.65,0.0,0.0,0.0,0.0,2019-02-28
429,61098.0,organización y almacenamiento,percheros,50.0,0.3,0.17,396.0,3.0,0.52,0.0,0.0,0.0,0.0,2019-03-01
472,61098.0,organización y almacenamiento,percheros,50.0,0.3,0.27,575.0,11.0,3.0,0.0,0.0,0.0,0.0,2019-03-02
484,61098.0,organización y almacenamiento,percheros,50.0,0.3,0.29,360.0,5.0,1.43,0.0,0.0,0.0,0.0,2019-03-03
511,61098.0,organización y almacenamiento,percheros,50.0,0.3,0.33,257.0,4.0,1.32,0.0,0.0,0.0,0.0,2019-03-04
550,61098.0,organización y almacenamiento,percheros,50.0,0.3,0.6,522.0,2.0,1.2,0.0,0.0,0.0,0.0,2019-03-05
457,61098.0,organización y almacenamiento,percheros,50.0,0.3,0.28,610.0,6.0,1.66,0.0,0.0,0.0,0.0,2019-03-06
447,61098.0,organización y almacenamiento,percheros,50.0,0.3,0.32,303.0,9.0,2.9,0.0,0.0,0.0,0.0,2019-03-07
538,61098.0,organización y almacenamiento,percheros,50.0,0.3,0.3,655.0,11.0,3.33,0.0,0.0,0.0,0.0,2019-03-08
496,61098.0,organización y almacenamiento,percheros,50.0,0.3,0.37,630.0,8.0,2.96,0.0,0.0,0.0,0.0,2019-03-09
466,61098.0,organización y almacenamiento,percheros,50.0,0.3,0.33,550.0,10.0,3.29,0.0,0.0,0.0,0.0,2019-03-10
543,61098.0,organización y almacenamiento,percheros,50.0,0.3,0.29,609.0,7.0,2.06,0.0,0.0,0.0,0.0,2019-03-11
458,61098.0,organización y almacenamiento,percheros,50.0,0.3,0.23,540.0,4.0,0.91,0.0,0.0,0.0,0.0,2019-03-12
692,61098.0,organización y almacenamiento,percheros,50.0,0.0,0.0,0.0,0.0,0.0,0.0,0.0,0.0,0.0,2019-03-13
521,61098.0,organización y almacenamiento,percheros,50.0,0.3,0.0,210.0,0.0,0.0,0.0,0.0,0.0,0.0,2019-03-14
483,61098.0,organización y almacenamiento,percheros,50.0,0.3,0.18,292.0,2.0,0.37,0.0,0.0,0.0,0.0,2019-03-15
465,61098.0,organización y almacenamiento,percheros,50.0,0.3,0.36,242.0,6.0,2.18,0.0,0.0,0.0,0.0,2019-03-16
432,61098.0,organización y almacenamiento,percheros,50.0,0.3,0.39,736.0,10.0,3.92,0.0,0.0,0.0,0.0,2019-03-17
489,61098.0,organización y almacenamiento,percheros,50.0,0.3,0.24,566.0,6.0,1.45,0.0,0.0,0.0,0.0,2019-03-18
453,61098.0,organización y almacenamiento,percheros,50.0,0.3,0.42,623.0,8.0,3.39,0.2,0.4,16.58,33.16,2019-03-19
515,61098.0,organización y almacenamiento,percheros,50.0,0.3,0.43,534.0,8.0,3.41,0.0,0.0,0.0,0.0,2019-03-20
503,61098.0,organización y almacenamiento,percheros,50.0,0.3,0.4,715.0,7.0,2.77,0.0,0.0,0.0,0.0,2019-03-21
535,61098.0,organización y almacenamiento,percheros,50.0,0.3,0.29,781.0,8.0,2.34,0.0,0.0,0.0,0.0,2019-03-22
536,61098.0,organización y almacenamiento,percheros,50.0,0.3,0.41,501.0,5.0,2.05,0.0,0.0,0.0,0.0,2019-03-23
553,61098.0,organización y almacenamiento,percheros,50.0,0.3,0.42,609.0,7.0,2.94,0.0,0.0,0.0,0.0,2019-03-24
455,61098.0,organización y almacenamiento,percheros,50.0,0.3,0.36,848.0,12.0,4.34,0.0,0.0,0.0,0.0,2019-03-25
473,61098.0,organización y almacenamiento,percheros,50.0,0.3,0.39,586.0,4.0,1.57,0.0,0.0,0.0,0.0,2019-03-26
552,61098.0,organización y almacenamiento,percheros,50.0,0.3,0.21,519.0,6.0,1.26,0.0,0.0,0.0,0.0,2019-03-27
474,61098.0,organización y almacenamiento,percheros,50.0,0.3,0.19,454.0,6.0,1.12,0.0,0.0,0.0,0.0,2019-03-28
470,61098.0,organización y almacenamiento,percheros,50.0,0.3,0.27,340.0,7.0,1.86,0.0,0.0,0.0,0.0,2019-03-29
499,61098.0,organización y almacenamiento,percheros,50.0,0.3,0.27,389.0,9.0,2.44,0.0,0.0,0.0,0.0,2019-03-30
542,61098.0,organización y almacenamiento,percheros,50.0,0.3,0.21,274.0,3.0,0.62,0.0,0.0,0.0,0.0,2019-03-31
