,Reference,CatN1,CatN2,Cat_Price,CPC_max,CPC_medio,Impressions,Clics,Cost,Conversions,All_Conversions,Ads_Income,Ads_Income_All,Dates
576,61096.0,organización y almacenamiento,percheros,50.0,0.0,0.0,0.0,0.0,0.0,0.0,0.0,0.0,0.0,2017-09-02
577,61096.0,organización y almacenamiento,percheros,50.0,0.0,0.0,0.0,0.0,0.0,0.0,0.0,0.0,0.0,2017-09-03
578,61096.0,organización y almacenamiento,percheros,50.0,0.0,0.0,0.0,0.0,0.0,0.0,0.0,0.0,0.0,2017-09-04
579,61096.0,organización y almacenamiento,percheros,50.0,0.0,0.0,0.0,0.0,0.0,0.0,0.0,0.0,0.0,2017-09-05
580,61096.0,organización y almacenamiento,percheros,50.0,0.0,0.0,0.0,0.0,0.0,0.0,0.0,0.0,0.0,2017-09-06
581,61096.0,organización y almacenamiento,percheros,50.0,0.0,0.0,0.0,0.0,0.0,0.0,0.0,0.0,0.0,2017-09-07
582,61096.0,organización y almacenamiento,percheros,50.0,0.0,0.0,0.0,0.0,0.0,0.0,0.0,0.0,0.0,2017-09-08
583,61096.0,organización y almacenamiento,percheros,50.0,0.0,0.0,0.0,0.0,0.0,0.0,0.0,0.0,0.0,2017-09-09
584,61096.0,organización y almacenamiento,percheros,50.0,0.0,0.0,0.0,0.0,0.0,0.0,0.0,0.0,0.0,2017-09-10
585,61096.0,organización y almacenamiento,percheros,50.0,0.0,0.0,0.0,0.0,0.0,0.0,0.0,0.0,0.0,2017-09-11
586,61096.0,organización y almacenamiento,percheros,50.0,0.0,0.0,0.0,0.0,0.0,0.0,0.0,0.0,0.0,2017-09-12
587,61096.0,organización y almacenamiento,percheros,50.0,0.0,0.0,0.0,0.0,0.0,0.0,0.0,0.0,0.0,2017-09-13
588,61096.0,organización y almacenamiento,percheros,50.0,0.0,0.0,0.0,0.0,0.0,0.0,0.0,0.0,0.0,2017-09-14
589,61096.0,organización y almacenamiento,percheros,50.0,0.0,0.0,0.0,0.0,0.0,0.0,0.0,0.0,0.0,2017-09-15
590,61096.0,organización y almacenamiento,percheros,50.0,0.0,0.0,0.0,0.0,0.0,0.0,0.0,0.0,0.0,2017-09-16
591,61096.0,organización y almacenamiento,percheros,50.0,0.0,0.0,0.0,0.0,0.0,0.0,0.0,0.0,0.0,2017-09-17
592,61096.0,organización y almacenamiento,percheros,50.0,0.0,0.0,0.0,0.0,0.0,0.0,0.0,0.0,0.0,2017-09-18
593,61096.0,organización y almacenamiento,percheros,50.0,0.0,0.0,0.0,0.0,0.0,0.0,0.0,0.0,0.0,2017-09-19
594,61096.0,organización y almacenamiento,percheros,50.0,0.0,0.0,0.0,0.0,0.0,0.0,0.0,0.0,0.0,2017-09-20
595,61096.0,organización y almacenamiento,percheros,50.0,0.0,0.0,0.0,0.0,0.0,0.0,0.0,0.0,0.0,2017-09-21
596,61096.0,organización y almacenamiento,percheros,50.0,0.0,0.0,0.0,0.0,0.0,0.0,0.0,0.0,0.0,2017-09-22
597,61096.0,organización y almacenamiento,percheros,50.0,0.0,0.0,0.0,0.0,0.0,0.0,0.0,0.0,0.0,2017-09-23
598,61096.0,organización y almacenamiento,percheros,50.0,0.0,0.0,0.0,0.0,0.0,0.0,0.0,0.0,0.0,2017-09-24
599,61096.0,organización y almacenamiento,percheros,50.0,0.0,0.0,0.0,0.0,0.0,0.0,0.0,0.0,0.0,2017-09-25
600,61096.0,organización y almacenamiento,percheros,50.0,0.0,0.0,0.0,0.0,0.0,0.0,0.0,0.0,0.0,2017-09-26
601,61096.0,organización y almacenamiento,percheros,50.0,0.0,0.0,0.0,0.0,0.0,0.0,0.0,0.0,0.0,2017-09-27
602,61096.0,organización y almacenamiento,percheros,50.0,0.0,0.0,0.0,0.0,0.0,0.0,0.0,0.0,0.0,2017-09-28
603,61096.0,organización y almacenamiento,percheros,50.0,0.0,0.0,0.0,0.0,0.0,0.0,0.0,0.0,0.0,2017-09-29
604,61096.0,organización y almacenamiento,percheros,50.0,0.0,0.0,0.0,0.0,0.0,0.0,0.0,0.0,0.0,2017-09-30
605,61096.0,organización y almacenamiento,percheros,50.0,0.0,0.0,0.0,0.0,0.0,0.0,0.0,0.0,0.0,2017-10-01
31,61096.0,muebles,mueble auxiliar,50.0,0.21,0.11,176.0,4.0,0.44,0.0,0.0,0.0,0.0,2017-10-02
32,61096.0,muebles,mueble auxiliar,50.0,0.17,0.0,28.0,0.0,0.0,0.0,0.0,0.0,0.0,2017-10-02
142,61096.0,muebles,mueble auxiliar,50.0,0.17,0.2,31.0,1.0,0.2,0.0,0.0,0.0,0.0,2017-10-03
143,61096.0,muebles,mueble auxiliar,50.0,0.21,0.11,110.0,2.0,0.22,0.0,0.0,0.0,0.0,2017-10-03
140,61096.0,muebles,mueble auxiliar,50.0,0.17,0.22,14.0,1.0,0.22,0.0,0.0,0.0,0.0,2017-10-04
141,61096.0,muebles,mueble auxiliar,50.0,0.21,0.15,128.0,2.0,0.3,0.0,0.0,0.0,0.0,2017-10-04
88,61096.0,muebles,mueble auxiliar,50.0,0.21,0.12,130.0,5.0,0.59,0.0,0.0,0.0,0.0,2017-10-05
89,61096.0,muebles,mueble auxiliar,50.0,0.17,0.0,10.0,0.0,0.0,0.0,0.0,0.0,0.0,2017-10-05
77,61096.0,muebles,mueble auxiliar,50.0,0.21,0.14,106.0,2.0,0.27,1.0,1.0,49.9,49.9,2017-10-06
78,61096.0,muebles,mueble auxiliar,50.0,0.17,0.16,19.0,2.0,0.31,0.0,0.0,0.0,0.0,2017-10-06
136,61096.0,muebles,mueble auxiliar,50.0,0.21,0.07,106.0,3.0,0.2,0.0,0.0,0.0,0.0,2017-10-07
137,61096.0,muebles,mueble auxiliar,50.0,0.17,0.16,11.0,1.0,0.16,0.0,0.0,0.0,0.0,2017-10-07
217,61096.0,muebles,mueble auxiliar,50.0,0.17,0.22,21.0,1.0,0.22,0.0,0.0,0.0,0.0,2017-10-08
218,61096.0,muebles,mueble auxiliar,50.0,0.21,0.12,148.0,3.0,0.37,0.0,0.0,0.0,0.0,2017-10-08
117,61096.0,muebles,mueble auxiliar,50.0,0.17,0.0,43.0,0.0,0.0,0.0,0.0,0.0,0.0,2017-10-09
116,61096.0,muebles,mueble auxiliar,50.0,0.21,0.13,196.0,7.0,0.88,0.0,0.0,0.0,0.0,2017-10-09
160,61096.0,muebles,mueble auxiliar,50.0,0.21,0.0,13.0,0.0,0.0,0.0,0.0,0.0,0.0,2017-10-10
161,61096.0,muebles,mueble auxiliar,50.0,0.17,0.21,2.0,1.0,0.21,0.0,0.0,0.0,0.0,2017-10-10
197,61096.0,muebles,mueble auxiliar,50.0,0.21,0.2,44.0,1.0,0.2,0.0,0.0,0.0,0.0,2017-10-11
196,61096.0,muebles,mueble auxiliar,50.0,0.17,0.0,4.0,0.0,0.0,0.0,0.0,0.0,0.0,2017-10-11
82,61096.0,muebles,mueble auxiliar,50.0,0.17,0.09,17.0,2.0,0.18,0.0,0.0,0.0,0.0,2017-10-12
81,61096.0,muebles,mueble auxiliar,50.0,0.21,0.15,66.0,1.0,0.15,0.0,0.0,0.0,0.0,2017-10-12
195,61096.0,muebles,mueble auxiliar,50.0,0.21,0.0,83.0,0.0,0.0,0.0,0.0,0.0,0.0,2017-10-13
194,61096.0,muebles,mueble auxiliar,50.0,0.17,0.17,26.0,4.0,0.69,0.0,0.0,0.0,0.0,2017-10-13
128,61096.0,muebles,mueble auxiliar,50.0,0.21,0.1,128.0,2.0,0.21,0.0,0.0,0.0,0.0,2017-10-14
129,61096.0,muebles,mueble auxiliar,50.0,0.17,0.11,27.0,1.0,0.11,0.0,0.0,0.0,0.0,2017-10-14
13,61096.0,muebles,mueble auxiliar,50.0,0.21,0.12,271.0,10.0,1.18,0.0,0.0,0.0,0.0,2017-10-15
14,61096.0,muebles,mueble auxiliar,50.0,0.17,0.08,31.0,3.0,0.24,0.0,0.0,0.0,0.0,2017-10-15
80,61096.0,muebles,mueble auxiliar,50.0,0.17,0.22,29.0,1.0,0.22,0.0,0.0,0.0,0.0,2017-10-16
79,61096.0,muebles,mueble auxiliar,50.0,0.21,0.0,203.0,0.0,0.0,0.0,0.0,0.0,0.0,2017-10-16
108,61096.0,muebles,mueble auxiliar,50.0,0.21,0.16,137.0,2.0,0.33,0.0,0.0,0.0,0.0,2017-10-17
109,61096.0,muebles,mueble auxiliar,50.0,0.17,0.02,28.0,1.0,0.02,0.0,0.0,0.0,0.0,2017-10-17
21,61096.0,muebles,mueble auxiliar,50.0,0.17,0.31,30.0,1.0,0.31,0.0,0.0,0.0,0.0,2017-10-18
22,61096.0,muebles,mueble auxiliar,50.0,0.21,0.09,207.0,11.0,1.0,1.0,2.0,67.9,67.9,2017-10-18
201,61096.0,muebles,mueble auxiliar,50.0,0.17,0.0,32.0,0.0,0.0,0.0,0.0,0.0,0.0,2017-10-19
200,61096.0,muebles,mueble auxiliar,50.0,0.21,0.14,265.0,2.0,0.27,0.0,0.0,0.0,0.0,2017-10-19
63,61096.0,muebles,mueble auxiliar,50.0,0.17,0.0,26.0,0.0,0.0,0.0,0.0,0.0,0.0,2017-10-20
62,61096.0,muebles,mueble auxiliar,50.0,0.21,0.15,143.0,5.0,0.74,0.0,0.0,0.0,0.0,2017-10-20
29,61096.0,muebles,mueble auxiliar,50.0,0.17,0.0,30.0,0.0,0.0,0.0,0.0,0.0,0.0,2017-10-21
30,61096.0,muebles,mueble auxiliar,50.0,0.21,0.1,166.0,3.0,0.3,0.0,0.0,0.0,0.0,2017-10-21
123,61096.0,muebles,mueble auxiliar,50.0,0.21,0.14,175.0,7.0,0.97,0.0,0.0,0.0,0.0,2017-10-22
122,61096.0,muebles,mueble auxiliar,50.0,0.17,0.0,35.0,0.0,0.0,0.0,0.0,0.0,0.0,2017-10-22
126,61096.0,muebles,mueble auxiliar,50.0,0.21,0.18,170.0,2.0,0.36,0.0,0.0,0.0,0.0,2017-10-23
127,61096.0,muebles,mueble auxiliar,50.0,0.17,0.0,38.0,0.0,0.0,0.0,0.0,0.0,0.0,2017-10-23
47,61096.0,muebles,mueble auxiliar,50.0,0.21,0.0,93.0,0.0,0.0,0.0,0.0,0.0,0.0,2017-10-24
48,61096.0,muebles,mueble auxiliar,50.0,0.17,0.17,21.0,1.0,0.17,0.0,0.0,0.0,0.0,2017-10-24
101,61096.0,muebles,mueble auxiliar,50.0,0.21,0.04,90.0,4.0,0.18,0.0,0.0,0.0,0.0,2017-10-25
102,61096.0,muebles,mueble auxiliar,50.0,0.17,0.15,22.0,1.0,0.15,0.0,0.0,0.0,0.0,2017-10-25
198,61096.0,muebles,mueble auxiliar,50.0,0.17,0.11,27.0,4.0,0.44,0.0,0.0,0.0,0.0,2017-10-26
199,61096.0,muebles,mueble auxiliar,50.0,0.21,0.13,143.0,4.0,0.52,1.0,1.0,51.9,51.9,2017-10-26
56,61096.0,muebles,mueble auxiliar,50.0,0.17,0.0,28.0,0.0,0.0,0.0,0.0,0.0,0.0,2017-10-27
55,61096.0,muebles,mueble auxiliar,50.0,0.21,0.09,159.0,3.0,0.26,0.0,0.0,0.0,0.0,2017-10-27
54,61096.0,muebles,mueble auxiliar,50.0,0.17,0.0,17.0,0.0,0.0,0.0,0.0,0.0,0.0,2017-10-28
53,61096.0,muebles,mueble auxiliar,50.0,0.21,0.13,127.0,5.0,0.65,0.0,0.0,0.0,0.0,2017-10-28
148,61096.0,muebles,mueble auxiliar,50.0,0.17,0.0,16.0,0.0,0.0,0.0,0.0,0.0,0.0,2017-10-29
147,61096.0,muebles,mueble auxiliar,50.0,0.21,0.12,125.0,5.0,0.58,0.0,0.0,0.0,0.0,2017-10-29
34,61096.0,muebles,mueble auxiliar,50.0,0.21,0.14,204.0,4.0,0.55,1.0,1.0,49.9,49.9,2017-10-30
33,61096.0,muebles,mueble auxiliar,50.0,0.17,0.23,21.0,1.0,0.23,0.0,0.0,0.0,0.0,2017-10-30
39,61096.0,muebles,mueble auxiliar,50.0,0.17,0.0,16.0,0.0,0.0,0.0,0.0,0.0,0.0,2017-10-31
38,61096.0,muebles,mueble auxiliar,50.0,0.21,0.16,254.0,7.0,1.1,0.0,0.0,0.0,0.0,2017-10-31
118,61096.0,muebles,mueble auxiliar,50.0,0.21,0.1,357.0,11.0,1.1,0.0,0.0,0.0,0.0,2017-11-01
119,61096.0,muebles,mueble auxiliar,50.0,0.17,0.22,37.0,1.0,0.22,0.0,0.0,0.0,0.0,2017-11-01
6,61096.0,muebles,mueble auxiliar,50.0,0.21,0.15,231.0,6.0,0.92,0.0,0.0,0.0,0.0,2017-11-02
5,61096.0,muebles,mueble auxiliar,50.0,0.17,0.21,32.0,2.0,0.42,0.0,0.0,0.0,0.0,2017-11-02
177,61096.0,muebles,mueble auxiliar,50.0,0.17,0.2,42.0,2.0,0.39,0.0,0.0,0.0,0.0,2017-11-03
176,61096.0,muebles,mueble auxiliar,50.0,0.21,0.15,207.0,3.0,0.45,0.0,0.0,0.0,0.0,2017-11-03
159,61096.0,muebles,mueble auxiliar,50.0,0.17,0.31,36.0,2.0,0.62,0.0,0.0,0.0,0.0,2017-11-04
158,61096.0,muebles,mueble auxiliar,50.0,0.21,0.11,264.0,3.0,0.32,0.0,0.0,0.0,0.0,2017-11-04
11,61096.0,muebles,mueble auxiliar,50.0,0.21,0.18,467.0,14.0,2.48,0.0,0.0,0.0,0.0,2017-11-05
12,61096.0,muebles,mueble auxiliar,50.0,0.17,0.08,60.0,1.0,0.08,0.0,0.0,0.0,0.0,2017-11-05
134,61096.0,muebles,mueble auxiliar,50.0,0.21,0.12,634.0,16.0,1.93,0.0,0.0,0.0,0.0,2017-11-06
135,61096.0,muebles,mueble auxiliar,50.0,0.17,0.21,70.0,3.0,0.62,0.0,0.0,0.0,0.0,2017-11-06
65,61096.0,muebles,mueble auxiliar,50.0,0.17,0.0,53.0,0.0,0.0,0.0,0.0,0.0,0.0,2017-11-07
64,61096.0,muebles,mueble auxiliar,50.0,0.21,0.16,481.0,15.0,2.44,1.0,1.0,49.9,49.9,2017-11-07
155,61096.0,muebles,mueble auxiliar,50.0,0.21,0.18,440.0,10.0,1.75,0.0,1.0,0.0,0.0,2017-11-08
154,61096.0,muebles,mueble auxiliar,50.0,0.17,0.27,40.0,3.0,0.81,0.0,0.0,0.0,0.0,2017-11-08
113,61096.0,muebles,mueble auxiliar,50.0,0.17,0.22,47.0,1.0,0.22,0.0,0.0,0.0,0.0,2017-11-09
112,61096.0,muebles,mueble auxiliar,50.0,0.21,0.13,438.0,16.0,2.11,0.0,0.0,0.0,0.0,2017-11-09
72,61096.0,muebles,mueble auxiliar,50.0,0.17,0.08,54.0,2.0,0.15,0.0,0.0,0.0,0.0,2017-11-10
71,61096.0,muebles,mueble auxiliar,50.0,0.21,0.12,305.0,10.0,1.25,0.0,0.0,0.0,0.0,2017-11-10
58,61096.0,muebles,mueble auxiliar,50.0,0.17,0.14,51.0,9.0,1.27,0.0,0.0,0.0,0.0,2017-11-11
57,61096.0,muebles,mueble auxiliar,50.0,0.21,0.13,316.0,9.0,1.14,0.0,1.0,0.0,0.0,2017-11-11
145,61096.0,muebles,mueble auxiliar,50.0,0.21,0.12,476.0,13.0,1.6,0.0,0.0,0.0,0.0,2017-11-12
144,61096.0,muebles,mueble auxiliar,50.0,0.17,0.17,82.0,4.0,0.68,0.0,1.0,0.0,0.0,2017-11-12
9,61096.0,muebles,mueble auxiliar,50.0,0.17,0.16,80.0,1.0,0.16,0.0,0.0,0.0,0.0,2017-11-13
10,61096.0,muebles,mueble auxiliar,50.0,0.21,0.13,527.0,13.0,1.65,1.0,1.0,51.9,51.9,2017-11-13
220,61096.0,muebles,mueble auxiliar,50.0,0.17,0.1,105.0,3.0,0.29,0.0,0.0,0.0,0.0,2017-11-14
219,61096.0,muebles,mueble auxiliar,50.0,0.21,0.18,541.0,8.0,1.41,0.0,0.0,0.0,0.0,2017-11-14
207,61096.0,muebles,mueble auxiliar,50.0,0.17,0.16,87.0,6.0,0.97,1.0,2.0,51.9,51.9,2017-11-15
206,61096.0,muebles,mueble auxiliar,50.0,0.21,0.14,383.0,16.0,2.27,0.0,0.0,0.0,0.0,2017-11-15
99,61096.0,muebles,mueble auxiliar,50.0,0.21,0.15,428.0,5.0,0.76,1.0,1.0,84.83,84.83,2017-11-16
100,61096.0,muebles,mueble auxiliar,50.0,0.17,0.26,79.0,4.0,1.04,0.0,0.0,0.0,0.0,2017-11-16
93,61096.0,muebles,mueble auxiliar,50.0,0.21,0.22,190.0,3.0,0.67,0.0,0.0,0.0,0.0,2017-11-17
94,61096.0,muebles,mueble auxiliar,50.0,0.17,0.18,43.0,2.0,0.35,0.0,0.0,0.0,0.0,2017-11-17
43,61096.0,muebles,mueble auxiliar,50.0,0.17,0.14,37.0,2.0,0.29,0.0,0.0,0.0,0.0,2017-11-18
42,61096.0,muebles,mueble auxiliar,50.0,0.21,0.15,214.0,10.0,1.48,0.0,0.0,0.0,0.0,2017-11-18
211,61096.0,muebles,mueble auxiliar,50.0,0.21,0.13,359.0,6.0,0.78,0.0,0.0,0.0,0.0,2017-11-19
210,61096.0,muebles,mueble auxiliar,50.0,0.17,0.0,59.0,0.0,0.0,0.0,0.0,0.0,0.0,2017-11-19
182,61096.0,muebles,mueble auxiliar,50.0,0.17,0.25,92.0,2.0,0.5,0.0,0.0,0.0,0.0,2017-11-20
181,61096.0,muebles,mueble auxiliar,50.0,0.21,0.17,434.0,8.0,1.35,0.0,0.0,0.0,0.0,2017-11-20
130,61096.0,muebles,mueble auxiliar,50.0,0.21,0.17,405.0,10.0,1.7,1.0,2.0,158.69,158.69,2017-11-21
131,61096.0,muebles,mueble auxiliar,50.0,0.17,0.24,94.0,3.0,0.72,0.0,0.0,0.0,0.0,2017-11-21
214,61096.0,muebles,mueble auxiliar,50.0,0.17,0.3,82.0,3.0,0.91,0.0,0.0,0.0,0.0,2017-11-22
213,61096.0,muebles,mueble auxiliar,50.0,0.21,0.17,441.0,7.0,1.18,0.0,0.0,0.0,0.0,2017-11-22
84,61096.0,muebles,mueble auxiliar,50.0,0.17,0.23,59.0,1.0,0.23,0.0,0.0,0.0,0.0,2017-11-23
83,61096.0,muebles,mueble auxiliar,50.0,0.21,0.15,393.0,8.0,1.21,0.0,0.0,0.0,0.0,2017-11-23
7,61096.0,muebles,mueble auxiliar,50.0,0.21,0.0,10.0,0.0,0.0,0.0,0.0,0.0,0.0,2017-11-24
8,61096.0,muebles,mueble auxiliar,50.0,0.17,0.0,5.0,0.0,0.0,0.0,0.0,0.0,0.0,2017-11-24
606,61096.0,organización y almacenamiento,percheros,50.0,0.0,0.0,0.0,0.0,0.0,0.0,0.0,0.0,0.0,2017-11-25
104,61096.0,muebles,mueble auxiliar,40.0,0.21,0.11,548.0,23.0,2.64,0.0,0.0,0.0,0.0,2017-11-26
103,61096.0,muebles,mueble auxiliar,50.0,0.21,0.15,120.0,3.0,0.44,0.0,0.0,0.0,0.0,2017-11-26
105,61096.0,muebles,mueble auxiliar,50.0,0.17,0.17,25.0,1.0,0.17,0.0,0.0,0.0,0.0,2017-11-26
225,61096.0,muebles,mueble auxiliar,40.0,0.21,0.13,107.0,5.0,0.63,0.0,0.0,0.0,0.0,2017-11-27
187,61096.0,muebles,mueble auxiliar,40.0,0.21,0.16,559.0,23.0,3.62,0.0,0.0,0.0,0.0,2017-11-28
59,61096.0,muebles,mueble auxiliar,40.0,0.21,0.13,635.0,22.0,2.9,3.0,5.0,199.6,199.6,2017-11-29
178,61096.0,muebles,mueble auxiliar,40.0,0.21,0.14,252.0,4.0,0.55,0.0,0.0,0.0,0.0,2017-11-30
180,61096.0,muebles,mueble auxiliar,50.0,0.17,0.02,59.0,1.0,0.02,0.0,0.0,0.0,0.0,2017-11-30
179,61096.0,muebles,mueble auxiliar,50.0,0.21,0.21,200.0,1.0,0.21,0.0,0.0,0.0,0.0,2017-11-30
168,61096.0,muebles,mueble auxiliar,50.0,0.17,0.17,50.0,3.0,0.51,0.0,0.0,0.0,0.0,2017-12-01
169,61096.0,muebles,mueble auxiliar,50.0,0.21,0.12,200.0,4.0,0.47,0.0,0.0,0.0,0.0,2017-12-01
0,61096.0,muebles,mueble auxiliar,50.0,0.17,0.2,77.0,4.0,0.78,0.0,0.0,0.0,0.0,2017-12-02
1,61096.0,muebles,mueble auxiliar,50.0,0.21,0.15,419.0,7.0,1.08,0.0,0.0,0.0,0.0,2017-12-02
87,61096.0,muebles,mueble auxiliar,50.0,0.17,0.18,93.0,5.0,0.9,0.0,0.0,0.0,0.0,2017-12-03
86,61096.0,muebles,mueble auxiliar,50.0,0.21,0.13,439.0,15.0,1.88,0.0,0.0,0.0,0.0,2017-12-03
27,61096.0,muebles,mueble auxiliar,50.0,0.17,0.17,131.0,13.0,2.23,0.0,0.0,0.0,0.0,2017-12-04
28,61096.0,muebles,mueble auxiliar,50.0,0.21,0.13,486.0,10.0,1.34,0.0,0.0,0.0,0.0,2017-12-04
2,61096.0,muebles,mueble auxiliar,50.0,0.21,0.14,420.0,17.0,2.39,0.0,0.0,0.0,0.0,2017-12-05
3,61096.0,muebles,mueble auxiliar,50.0,0.17,0.18,77.0,3.0,0.55,0.0,0.0,0.0,0.0,2017-12-05
191,61096.0,muebles,mueble auxiliar,50.0,0.21,0.13,443.0,18.0,2.34,0.0,0.0,0.0,0.0,2017-12-06
190,61096.0,muebles,mueble auxiliar,50.0,0.17,0.15,99.0,7.0,1.03,0.0,0.0,0.0,0.0,2017-12-06
125,61096.0,muebles,mueble auxiliar,50.0,0.17,0.16,82.0,4.0,0.66,0.0,0.0,0.0,0.0,2017-12-07
124,61096.0,muebles,mueble auxiliar,50.0,0.21,0.12,358.0,12.0,1.47,0.0,0.0,0.0,0.0,2017-12-07
90,61096.0,muebles,mueble auxiliar,50.0,0.21,0.09,466.0,11.0,1.01,0.0,0.0,0.0,0.0,2017-12-08
91,61096.0,muebles,mueble auxiliar,50.0,0.17,0.09,112.0,8.0,0.73,0.0,0.0,0.0,0.0,2017-12-08
61,61096.0,muebles,mueble auxiliar,50.0,0.21,0.15,468.0,12.0,1.84,1.0,1.0,49.9,49.9,2017-12-09
60,61096.0,muebles,mueble auxiliar,50.0,0.17,0.18,89.0,4.0,0.72,0.0,0.0,0.0,0.0,2017-12-09
70,61096.0,muebles,mueble auxiliar,50.0,0.17,0.12,116.0,4.0,0.49,0.0,0.0,0.0,0.0,2017-12-10
69,61096.0,muebles,mueble auxiliar,50.0,0.21,0.16,558.0,9.0,1.43,0.0,0.0,0.0,0.0,2017-12-10
114,61096.0,muebles,mueble auxiliar,50.0,0.21,0.16,455.0,15.0,2.35,0.0,0.0,0.0,0.0,2017-12-11
115,61096.0,muebles,mueble auxiliar,50.0,0.17,0.1,74.0,3.0,0.29,0.0,0.0,0.0,0.0,2017-12-11
150,61096.0,muebles,mueble auxiliar,50.0,0.17,0.21,124.0,3.0,0.63,0.0,0.0,0.0,0.0,2017-12-12
149,61096.0,muebles,mueble auxiliar,50.0,0.21,0.17,507.0,14.0,2.36,0.0,1.0,0.0,0.0,2017-12-12
49,61096.0,muebles,mueble auxiliar,50.0,0.21,0.17,443.0,15.0,2.62,0.0,0.0,0.0,0.0,2017-12-13
50,61096.0,muebles,mueble auxiliar,50.0,0.17,0.0,114.0,0.0,0.0,0.0,0.0,0.0,0.0,2017-12-13
26,61096.0,muebles,mueble auxiliar,50.0,0.17,0.16,83.0,3.0,0.48,0.0,0.0,0.0,0.0,2017-12-14
25,61096.0,muebles,mueble auxiliar,50.0,0.21,0.14,449.0,16.0,2.29,1.0,1.0,49.9,49.9,2017-12-14
164,61096.0,muebles,mueble auxiliar,50.0,0.17,0.21,96.0,4.0,0.85,2.0,4.0,101.8,101.8,2017-12-15
165,61096.0,muebles,mueble auxiliar,50.0,0.21,0.13,395.0,17.0,2.24,0.0,0.0,0.0,0.0,2017-12-15
107,61096.0,muebles,mueble auxiliar,50.0,0.17,0.22,77.0,1.0,0.22,0.0,0.0,0.0,0.0,2017-12-16
106,61096.0,muebles,mueble auxiliar,50.0,0.21,0.13,327.0,11.0,1.39,1.0,1.0,51.9,51.9,2017-12-16
75,61096.0,muebles,mueble auxiliar,50.0,0.21,0.09,273.0,6.0,0.53,0.0,0.0,0.0,0.0,2017-12-17
76,61096.0,muebles,mueble auxiliar,50.0,0.17,0.18,81.0,2.0,0.37,0.0,0.0,0.0,0.0,2017-12-17
188,61096.0,muebles,mueble auxiliar,50.0,0.17,0.0,41.0,0.0,0.0,0.0,0.0,0.0,0.0,2017-12-18
189,61096.0,muebles,mueble auxiliar,50.0,0.21,0.1,165.0,3.0,0.29,0.0,0.0,0.0,0.0,2017-12-18
73,61096.0,muebles,mueble auxiliar,50.0,0.21,0.13,158.0,4.0,0.51,0.0,0.0,0.0,0.0,2017-12-19
74,61096.0,muebles,mueble auxiliar,50.0,0.17,0.12,26.0,1.0,0.12,0.0,0.0,0.0,0.0,2017-12-19
45,61096.0,muebles,mueble auxiliar,50.0,0.21,0.14,194.0,7.0,1.0,0.0,0.0,0.0,0.0,2017-12-20
46,61096.0,muebles,mueble auxiliar,50.0,0.17,0.0,27.0,0.0,0.0,0.0,0.0,0.0,0.0,2017-12-20
44,61096.0,muebles,mueble auxiliar,50.0,0.18,0.0,1.0,0.0,0.0,0.0,0.0,0.0,0.0,2017-12-20
166,61096.0,muebles,mueble auxiliar,50.0,0.21,0.04,152.0,8.0,0.29,0.0,0.0,0.0,0.0,2017-12-21
167,61096.0,muebles,mueble auxiliar,50.0,0.17,0.05,26.0,1.0,0.05,0.0,0.0,0.0,0.0,2017-12-21
37,61096.0,muebles,mueble auxiliar,50.0,0.21,0.04,119.0,4.0,0.16,0.0,0.0,0.0,0.0,2017-12-22
36,61096.0,muebles,mueble auxiliar,50.0,0.17,0.11,18.0,2.0,0.22,0.0,0.0,0.0,0.0,2017-12-22
170,61096.0,muebles,mueble auxiliar,50.0,0.17,0.22,41.0,1.0,0.22,0.0,0.0,0.0,0.0,2017-12-23
171,61096.0,muebles,mueble auxiliar,50.0,0.21,0.12,145.0,6.0,0.73,0.0,1.0,0.0,0.0,2017-12-23
157,61096.0,muebles,mueble auxiliar,50.0,0.17,0.17,13.0,1.0,0.17,0.0,0.0,0.0,0.0,2017-12-24
156,61096.0,muebles,mueble auxiliar,50.0,0.21,0.07,117.0,1.0,0.07,0.0,0.0,0.0,0.0,2017-12-24
96,61096.0,muebles,mueble auxiliar,50.0,0.21,0.14,138.0,2.0,0.28,0.0,0.0,0.0,0.0,2017-12-25
95,61096.0,muebles,mueble auxiliar,50.0,0.17,0.0,12.0,0.0,0.0,0.0,0.0,0.0,0.0,2017-12-25
152,61096.0,muebles,mueble auxiliar,50.0,0.17,0.19,41.0,1.0,0.19,0.0,0.0,0.0,0.0,2017-12-26
151,61096.0,muebles,mueble auxiliar,50.0,0.21,0.1,300.0,15.0,1.53,0.0,0.0,0.0,0.0,2017-12-26
97,61096.0,muebles,mueble auxiliar,50.0,0.21,0.15,344.0,14.0,2.15,0.0,1.0,0.0,0.0,2017-12-27
98,61096.0,muebles,mueble auxiliar,50.0,0.17,0.13,86.0,3.0,0.38,0.0,0.0,0.0,0.0,2017-12-27
51,61096.0,muebles,mueble auxiliar,50.0,0.21,0.11,367.0,10.0,1.09,0.0,0.0,0.0,0.0,2017-12-28
52,61096.0,muebles,mueble auxiliar,50.0,0.17,0.1,63.0,4.0,0.41,1.0,1.0,51.9,51.9,2017-12-28
186,61096.0,muebles,mueble auxiliar,50.0,0.21,0.11,378.0,11.0,1.16,1.0,2.0,149.7,149.7,2017-12-29
185,61096.0,muebles,mueble auxiliar,50.0,0.17,0.17,87.0,2.0,0.34,0.0,0.0,0.0,0.0,2017-12-29
40,61096.0,muebles,mueble auxiliar,50.0,0.21,0.1,174.0,6.0,0.58,0.0,0.0,0.0,0.0,2017-12-30
41,61096.0,muebles,mueble auxiliar,50.0,0.17,0.23,19.0,3.0,0.68,0.0,0.0,0.0,0.0,2017-12-30
110,61096.0,muebles,mueble auxiliar,50.0,0.21,0.09,60.0,2.0,0.18,0.0,0.0,0.0,0.0,2017-12-31
111,61096.0,muebles,mueble auxiliar,50.0,0.17,0.0,4.0,0.0,0.0,0.0,0.0,0.0,0.0,2017-12-31
607,61096.0,organización y almacenamiento,percheros,50.0,0.0,0.0,0.0,0.0,0.0,0.0,0.0,0.0,0.0,2018-01-01
215,61096.0,muebles,mueble auxiliar,50.0,0.21,0.13,438.0,10.0,1.32,0.0,0.0,0.0,0.0,2018-01-02
216,61096.0,muebles,mueble auxiliar,50.0,0.17,0.16,44.0,1.0,0.16,0.0,0.0,0.0,0.0,2018-01-02
132,61096.0,muebles,mueble auxiliar,50.0,0.17,0.11,31.0,3.0,0.33,0.0,0.0,0.0,0.0,2018-01-03
133,61096.0,muebles,mueble auxiliar,50.0,0.21,0.13,441.0,12.0,1.55,0.0,0.0,0.0,0.0,2018-01-03
184,61096.0,muebles,mueble auxiliar,50.0,0.17,0.16,56.0,2.0,0.32,0.0,0.0,0.0,0.0,2018-01-04
183,61096.0,muebles,mueble auxiliar,50.0,0.21,0.11,815.0,26.0,2.96,0.0,5.0,0.0,0.0,2018-01-04
120,61096.0,muebles,mueble auxiliar,50.0,0.21,0.11,446.0,11.0,1.2,0.0,0.0,0.0,0.0,2018-01-05
121,61096.0,muebles,mueble auxiliar,50.0,0.17,0.13,47.0,7.0,0.91,1.0,1.0,49.9,49.9,2018-01-05
23,61096.0,muebles,mueble auxiliar,50.0,0.17,0.11,54.0,3.0,0.34,0.0,0.0,0.0,0.0,2018-01-06
24,61096.0,muebles,mueble auxiliar,50.0,0.21,0.11,604.0,19.0,2.06,0.0,1.0,0.0,0.0,2018-01-06
67,61096.0,muebles,mueble auxiliar,50.0,0.21,0.15,97.0,1.0,0.15,0.0,0.0,0.0,0.0,2018-01-07
68,61096.0,muebles,mueble auxiliar,50.0,0.17,0.0,4.0,0.0,0.0,0.0,0.0,0.0,0.0,2018-01-07
172,61096.0,muebles,mueble auxiliar,50.0,0.21,0.16,106.0,6.0,0.94,0.0,0.0,0.0,0.0,2018-01-08
174,61096.0,muebles,mueble auxiliar,50.0,0.17,0.0,4.0,0.0,0.0,0.0,0.0,0.0,0.0,2018-01-08
173,61096.0,muebles,mueble auxiliar,40.0,0.21,0.12,1179.0,32.0,3.78,1.0,2.0,39.9,39.9,2018-01-08
175,61096.0,muebles,mueble auxiliar,40.0,0.21,0.13,1376.0,47.0,6.12,1.0,2.0,39.9,39.9,2018-01-09
138,61096.0,muebles,mueble auxiliar,40.0,0.21,0.12,1422.0,53.0,6.29,3.0,3.0,119.7,119.7,2018-01-10
203,61096.0,muebles,mueble auxiliar,40.0,0.21,0.11,1243.0,40.0,4.37,0.0,1.0,0.0,0.0,2018-01-11
146,61096.0,muebles,mueble auxiliar,40.0,0.21,0.13,1119.0,37.0,4.96,1.0,2.0,41.9,41.9,2018-01-12
222,61096.0,muebles,mueble auxiliar,40.0,0.21,0.12,1256.0,52.0,6.17,1.0,2.0,39.9,39.9,2018-01-13
163,61096.0,muebles,mueble auxiliar,40.0,0.21,0.11,1714.0,59.0,6.42,2.0,3.0,79.8,79.8,2018-01-14
202,61096.0,muebles,mueble auxiliar,40.0,0.21,0.14,1287.0,52.0,7.5,2.0,3.0,79.8,79.8,2018-01-15
66,61096.0,muebles,mueble auxiliar,40.0,0.21,0.13,1274.0,46.0,6.16,1.0,1.0,39.9,39.9,2018-01-16
221,61096.0,muebles,mueble auxiliar,40.0,0.21,0.14,1516.0,47.0,6.44,0.0,0.0,0.0,0.0,2018-01-17
15,61096.0,muebles,mueble auxiliar,40.0,0.21,0.11,307.0,8.0,0.89,0.0,0.0,0.0,0.0,2018-01-18
224,61096.0,muebles,mueble auxiliar,40.0,0.21,0.13,976.0,27.0,3.56,0.0,0.0,0.0,0.0,2018-01-19
212,61096.0,muebles,mueble auxiliar,40.0,0.21,0.13,1392.0,40.0,5.14,1.0,2.0,41.9,41.9,2018-01-20
85,61096.0,muebles,mueble auxiliar,40.0,0.21,0.14,1492.0,57.0,7.8,0.0,0.0,0.0,0.0,2018-01-21
17,61096.0,muebles,mueble auxiliar,40.0,0.21,0.1,107.0,2.0,0.19,0.0,0.0,0.0,0.0,2018-01-22
18,61096.0,organización y almacenamiento,percheros,40.0,0.15,0.05,8.0,1.0,0.05,0.0,0.0,0.0,0.0,2018-01-22
16,61096.0,organización y almacenamiento,percheros,40.0,0.17,0.11,540.0,15.0,1.67,1.0,2.0,39.9,39.9,2018-01-22
19,61096.0,organización y almacenamiento,percheros,40.0,0.17,0.15,133.0,8.0,1.21,0.0,0.0,0.0,0.0,2018-01-23
20,61096.0,organización y almacenamiento,percheros,10.0,0.17,0.11,375.0,9.0,1.03,0.0,0.0,0.0,0.0,2018-01-23
193,61096.0,organización y almacenamiento,percheros,10.0,0.17,0.17,88.0,1.0,0.17,0.0,0.0,0.0,0.0,2018-01-24
192,61096.0,organización y almacenamiento,percheros,40.0,0.17,0.15,201.0,6.0,0.92,0.0,0.0,0.0,0.0,2018-01-24
92,61096.0,organización y almacenamiento,percheros,40.0,0.17,0.11,303.0,17.0,1.9,0.0,0.0,0.0,0.0,2018-01-25
162,61096.0,organización y almacenamiento,percheros,40.0,0.17,0.09,304.0,13.0,1.18,0.0,1.0,0.0,0.0,2018-01-26
205,61096.0,organización y almacenamiento,percheros,40.0,0.17,0.09,307.0,12.0,1.05,0.0,0.0,0.0,0.0,2018-01-27
209,61096.0,organización y almacenamiento,percheros,40.0,0.17,0.1,383.0,15.0,1.56,0.0,1.0,0.0,0.0,2018-01-28
4,61096.0,organización y almacenamiento,percheros,40.0,0.17,0.1,349.0,20.0,1.9,0.0,0.0,0.0,0.0,2018-01-29
153,61096.0,organización y almacenamiento,percheros,40.0,0.17,0.11,326.0,15.0,1.59,0.0,0.0,0.0,0.0,2018-01-30
139,61096.0,organización y almacenamiento,percheros,40.0,0.17,0.09,397.0,23.0,2.16,0.0,1.0,0.0,0.0,2018-01-31
35,61096.0,organización y almacenamiento,percheros,40.0,0.17,0.08,444.0,19.0,1.61,0.0,0.0,0.0,0.0,2018-02-01
208,61096.0,organización y almacenamiento,percheros,40.0,0.17,0.1,456.0,21.0,2.19,0.0,0.0,0.0,0.0,2018-02-02
204,61096.0,organización y almacenamiento,percheros,40.0,0.17,0.1,571.0,16.0,1.68,0.0,0.0,0.0,0.0,2018-02-03
223,61096.0,organización y almacenamiento,percheros,40.0,0.17,0.1,1128.0,30.0,2.9,0.0,0.0,0.0,0.0,2018-02-04
233,61096.0,organización y almacenamiento,percheros,40.0,0.17,0.0,35.0,0.0,0.0,0.0,0.0,0.0,0.0,2018-02-05
232,61096.0,organización y almacenamiento,percheros,50.0,0.17,0.13,640.0,20.0,2.56,1.0,1.0,37.4,37.4,2018-02-05
266,61096.0,organización y almacenamiento,percheros,50.0,0.17,0.21,140.0,1.0,0.21,0.0,0.0,0.0,0.0,2018-02-06
267,61096.0,organización y almacenamiento,percheros,40.0,0.17,0.11,459.0,11.0,1.25,0.0,0.0,0.0,0.0,2018-02-06
249,61096.0,organización y almacenamiento,percheros,40.0,0.17,0.1,649.0,10.0,0.96,1.0,1.0,37.4,37.4,2018-02-07
284,61096.0,organización y almacenamiento,percheros,40.0,0.17,0.1,401.0,18.0,1.72,0.0,1.0,0.0,0.0,2018-02-08
369,61096.0,organización y almacenamiento,percheros,40.0,0.17,0.1,549.0,10.0,1.01,0.0,0.0,0.0,0.0,2018-02-09
230,61096.0,organización y almacenamiento,percheros,40.0,0.17,0.11,411.0,15.0,1.6,0.0,0.0,0.0,0.0,2018-02-10
240,61096.0,organización y almacenamiento,percheros,40.0,0.17,0.1,706.0,20.0,1.92,0.0,0.0,0.0,0.0,2018-02-11
285,61096.0,organización y almacenamiento,percheros,40.0,0.17,0.1,343.0,14.0,1.4,0.0,0.0,0.0,0.0,2018-02-12
378,61096.0,organización y almacenamiento,percheros,40.0,0.17,0.11,347.0,17.0,1.89,1.0,1.0,37.4,37.4,2018-02-13
371,61096.0,organización y almacenamiento,percheros,40.0,0.17,0.14,42.0,2.0,0.27,0.0,0.0,0.0,0.0,2018-02-14
608,61096.0,organización y almacenamiento,percheros,50.0,0.0,0.0,0.0,0.0,0.0,0.0,0.0,0.0,0.0,2018-02-15
609,61096.0,organización y almacenamiento,percheros,50.0,0.0,0.0,0.0,0.0,0.0,0.0,0.0,0.0,0.0,2018-02-16
610,61096.0,organización y almacenamiento,percheros,50.0,0.0,0.0,0.0,0.0,0.0,0.0,0.0,0.0,0.0,2018-02-17
611,61096.0,organización y almacenamiento,percheros,50.0,0.0,0.0,0.0,0.0,0.0,0.0,0.0,0.0,0.0,2018-02-18
612,61096.0,organización y almacenamiento,percheros,50.0,0.0,0.0,0.0,0.0,0.0,0.0,0.0,0.0,0.0,2018-02-19
613,61096.0,organización y almacenamiento,percheros,50.0,0.0,0.0,0.0,0.0,0.0,0.0,0.0,0.0,0.0,2018-02-20
614,61096.0,organización y almacenamiento,percheros,50.0,0.0,0.0,0.0,0.0,0.0,0.0,0.0,0.0,0.0,2018-02-21
615,61096.0,organización y almacenamiento,percheros,50.0,0.0,0.0,0.0,0.0,0.0,0.0,0.0,0.0,0.0,2018-02-22
616,61096.0,organización y almacenamiento,percheros,50.0,0.0,0.0,0.0,0.0,0.0,0.0,0.0,0.0,0.0,2018-02-23
617,61096.0,organización y almacenamiento,percheros,50.0,0.0,0.0,0.0,0.0,0.0,0.0,0.0,0.0,0.0,2018-02-24
618,61096.0,organización y almacenamiento,percheros,50.0,0.0,0.0,0.0,0.0,0.0,0.0,0.0,0.0,0.0,2018-02-25
619,61096.0,organización y almacenamiento,percheros,50.0,0.0,0.0,0.0,0.0,0.0,0.0,0.0,0.0,0.0,2018-02-26
620,61096.0,organización y almacenamiento,percheros,50.0,0.0,0.0,0.0,0.0,0.0,0.0,0.0,0.0,0.0,2018-02-27
621,61096.0,organización y almacenamiento,percheros,50.0,0.0,0.0,0.0,0.0,0.0,0.0,0.0,0.0,0.0,2018-02-28
622,61096.0,organización y almacenamiento,percheros,50.0,0.0,0.0,0.0,0.0,0.0,0.0,0.0,0.0,0.0,2018-03-01
623,61096.0,organización y almacenamiento,percheros,50.0,0.0,0.0,0.0,0.0,0.0,0.0,0.0,0.0,0.0,2018-03-02
624,61096.0,organización y almacenamiento,percheros,50.0,0.0,0.0,0.0,0.0,0.0,0.0,0.0,0.0,0.0,2018-03-03
625,61096.0,organización y almacenamiento,percheros,50.0,0.0,0.0,0.0,0.0,0.0,0.0,0.0,0.0,0.0,2018-03-04
626,61096.0,organización y almacenamiento,percheros,50.0,0.0,0.0,0.0,0.0,0.0,0.0,0.0,0.0,0.0,2018-03-05
627,61096.0,organización y almacenamiento,percheros,50.0,0.0,0.0,0.0,0.0,0.0,0.0,0.0,0.0,0.0,2018-03-06
628,61096.0,organización y almacenamiento,percheros,50.0,0.0,0.0,0.0,0.0,0.0,0.0,0.0,0.0,0.0,2018-03-07
629,61096.0,organización y almacenamiento,percheros,50.0,0.0,0.0,0.0,0.0,0.0,0.0,0.0,0.0,0.0,2018-03-08
630,61096.0,organización y almacenamiento,percheros,50.0,0.0,0.0,0.0,0.0,0.0,0.0,0.0,0.0,0.0,2018-03-09
631,61096.0,organización y almacenamiento,percheros,50.0,0.0,0.0,0.0,0.0,0.0,0.0,0.0,0.0,0.0,2018-03-10
632,61096.0,organización y almacenamiento,percheros,50.0,0.0,0.0,0.0,0.0,0.0,0.0,0.0,0.0,0.0,2018-03-11
633,61096.0,organización y almacenamiento,percheros,50.0,0.0,0.0,0.0,0.0,0.0,0.0,0.0,0.0,0.0,2018-03-12
634,61096.0,organización y almacenamiento,percheros,50.0,0.0,0.0,0.0,0.0,0.0,0.0,0.0,0.0,0.0,2018-03-13
635,61096.0,organización y almacenamiento,percheros,50.0,0.0,0.0,0.0,0.0,0.0,0.0,0.0,0.0,0.0,2018-03-14
636,61096.0,organización y almacenamiento,percheros,50.0,0.0,0.0,0.0,0.0,0.0,0.0,0.0,0.0,0.0,2018-03-15
637,61096.0,organización y almacenamiento,percheros,50.0,0.0,0.0,0.0,0.0,0.0,0.0,0.0,0.0,0.0,2018-03-16
638,61096.0,organización y almacenamiento,percheros,50.0,0.0,0.0,0.0,0.0,0.0,0.0,0.0,0.0,0.0,2018-03-17
639,61096.0,organización y almacenamiento,percheros,50.0,0.0,0.0,0.0,0.0,0.0,0.0,0.0,0.0,0.0,2018-03-18
640,61096.0,organización y almacenamiento,percheros,50.0,0.0,0.0,0.0,0.0,0.0,0.0,0.0,0.0,0.0,2018-03-19
641,61096.0,organización y almacenamiento,percheros,50.0,0.0,0.0,0.0,0.0,0.0,0.0,0.0,0.0,0.0,2018-03-20
642,61096.0,organización y almacenamiento,percheros,50.0,0.0,0.0,0.0,0.0,0.0,0.0,0.0,0.0,0.0,2018-03-21
643,61096.0,organización y almacenamiento,percheros,50.0,0.0,0.0,0.0,0.0,0.0,0.0,0.0,0.0,0.0,2018-03-22
644,61096.0,organización y almacenamiento,percheros,50.0,0.0,0.0,0.0,0.0,0.0,0.0,0.0,0.0,0.0,2018-03-23
645,61096.0,organización y almacenamiento,percheros,50.0,0.0,0.0,0.0,0.0,0.0,0.0,0.0,0.0,0.0,2018-03-24
646,61096.0,organización y almacenamiento,percheros,50.0,0.0,0.0,0.0,0.0,0.0,0.0,0.0,0.0,0.0,2018-03-25
647,61096.0,organización y almacenamiento,percheros,50.0,0.0,0.0,0.0,0.0,0.0,0.0,0.0,0.0,0.0,2018-03-26
648,61096.0,organización y almacenamiento,percheros,50.0,0.0,0.0,0.0,0.0,0.0,0.0,0.0,0.0,0.0,2018-03-27
649,61096.0,organización y almacenamiento,percheros,50.0,0.0,0.0,0.0,0.0,0.0,0.0,0.0,0.0,0.0,2018-03-28
650,61096.0,organización y almacenamiento,percheros,50.0,0.0,0.0,0.0,0.0,0.0,0.0,0.0,0.0,0.0,2018-03-29
651,61096.0,organización y almacenamiento,percheros,50.0,0.0,0.0,0.0,0.0,0.0,0.0,0.0,0.0,0.0,2018-03-30
652,61096.0,organización y almacenamiento,percheros,50.0,0.0,0.0,0.0,0.0,0.0,0.0,0.0,0.0,0.0,2018-03-31
653,61096.0,organización y almacenamiento,percheros,50.0,0.0,0.0,0.0,0.0,0.0,0.0,0.0,0.0,0.0,2018-04-01
654,61096.0,organización y almacenamiento,percheros,50.0,0.0,0.0,0.0,0.0,0.0,0.0,0.0,0.0,0.0,2018-04-02
655,61096.0,organización y almacenamiento,percheros,50.0,0.0,0.0,0.0,0.0,0.0,0.0,0.0,0.0,0.0,2018-04-03
656,61096.0,organización y almacenamiento,percheros,50.0,0.0,0.0,0.0,0.0,0.0,0.0,0.0,0.0,0.0,2018-04-04
657,61096.0,organización y almacenamiento,percheros,50.0,0.0,0.0,0.0,0.0,0.0,0.0,0.0,0.0,0.0,2018-04-05
658,61096.0,organización y almacenamiento,percheros,50.0,0.0,0.0,0.0,0.0,0.0,0.0,0.0,0.0,0.0,2018-04-06
659,61096.0,organización y almacenamiento,percheros,50.0,0.0,0.0,0.0,0.0,0.0,0.0,0.0,0.0,0.0,2018-04-07
660,61096.0,organización y almacenamiento,percheros,50.0,0.0,0.0,0.0,0.0,0.0,0.0,0.0,0.0,0.0,2018-04-08
661,61096.0,organización y almacenamiento,percheros,50.0,0.0,0.0,0.0,0.0,0.0,0.0,0.0,0.0,0.0,2018-04-09
662,61096.0,organización y almacenamiento,percheros,50.0,0.0,0.0,0.0,0.0,0.0,0.0,0.0,0.0,0.0,2018-04-10
663,61096.0,organización y almacenamiento,percheros,50.0,0.0,0.0,0.0,0.0,0.0,0.0,0.0,0.0,0.0,2018-04-11
664,61096.0,organización y almacenamiento,percheros,50.0,0.0,0.0,0.0,0.0,0.0,0.0,0.0,0.0,0.0,2018-04-12
665,61096.0,organización y almacenamiento,percheros,50.0,0.0,0.0,0.0,0.0,0.0,0.0,0.0,0.0,0.0,2018-04-13
666,61096.0,organización y almacenamiento,percheros,50.0,0.0,0.0,0.0,0.0,0.0,0.0,0.0,0.0,0.0,2018-04-14
667,61096.0,organización y almacenamiento,percheros,50.0,0.0,0.0,0.0,0.0,0.0,0.0,0.0,0.0,0.0,2018-04-15
668,61096.0,organización y almacenamiento,percheros,50.0,0.0,0.0,0.0,0.0,0.0,0.0,0.0,0.0,0.0,2018-04-16
669,61096.0,organización y almacenamiento,percheros,50.0,0.0,0.0,0.0,0.0,0.0,0.0,0.0,0.0,0.0,2018-04-17
670,61096.0,organización y almacenamiento,percheros,50.0,0.0,0.0,0.0,0.0,0.0,0.0,0.0,0.0,0.0,2018-04-18
671,61096.0,organización y almacenamiento,percheros,50.0,0.0,0.0,0.0,0.0,0.0,0.0,0.0,0.0,0.0,2018-04-19
672,61096.0,organización y almacenamiento,percheros,50.0,0.0,0.0,0.0,0.0,0.0,0.0,0.0,0.0,0.0,2018-04-20
673,61096.0,organización y almacenamiento,percheros,50.0,0.0,0.0,0.0,0.0,0.0,0.0,0.0,0.0,0.0,2018-04-21
674,61096.0,organización y almacenamiento,percheros,50.0,0.0,0.0,0.0,0.0,0.0,0.0,0.0,0.0,0.0,2018-04-22
675,61096.0,organización y almacenamiento,percheros,50.0,0.0,0.0,0.0,0.0,0.0,0.0,0.0,0.0,0.0,2018-04-23
676,61096.0,organización y almacenamiento,percheros,50.0,0.0,0.0,0.0,0.0,0.0,0.0,0.0,0.0,0.0,2018-04-24
677,61096.0,organización y almacenamiento,percheros,50.0,0.0,0.0,0.0,0.0,0.0,0.0,0.0,0.0,0.0,2018-04-25
678,61096.0,organización y almacenamiento,percheros,50.0,0.0,0.0,0.0,0.0,0.0,0.0,0.0,0.0,0.0,2018-04-26
679,61096.0,organización y almacenamiento,percheros,50.0,0.0,0.0,0.0,0.0,0.0,0.0,0.0,0.0,0.0,2018-04-27
680,61096.0,organización y almacenamiento,percheros,50.0,0.0,0.0,0.0,0.0,0.0,0.0,0.0,0.0,0.0,2018-04-28
681,61096.0,organización y almacenamiento,percheros,50.0,0.0,0.0,0.0,0.0,0.0,0.0,0.0,0.0,0.0,2018-04-29
682,61096.0,organización y almacenamiento,percheros,50.0,0.0,0.0,0.0,0.0,0.0,0.0,0.0,0.0,0.0,2018-04-30
683,61096.0,organización y almacenamiento,percheros,50.0,0.0,0.0,0.0,0.0,0.0,0.0,0.0,0.0,0.0,2018-05-01
684,61096.0,organización y almacenamiento,percheros,50.0,0.0,0.0,0.0,0.0,0.0,0.0,0.0,0.0,0.0,2018-05-02
685,61096.0,organización y almacenamiento,percheros,50.0,0.0,0.0,0.0,0.0,0.0,0.0,0.0,0.0,0.0,2018-05-03
686,61096.0,organización y almacenamiento,percheros,50.0,0.0,0.0,0.0,0.0,0.0,0.0,0.0,0.0,0.0,2018-05-04
335,61096.0,organización y almacenamiento,percheros,50.0,0.2,0.0,1.0,0.0,0.0,0.0,0.0,0.0,0.0,2018-05-05
327,61096.0,organización y almacenamiento,percheros,50.0,0.2,0.0,30.0,0.0,0.0,0.0,0.0,0.0,0.0,2018-05-06
322,61096.0,organización y almacenamiento,percheros,50.0,0.2,0.13,197.0,5.0,0.67,0.0,0.0,0.0,0.0,2018-05-07
364,61096.0,organización y almacenamiento,percheros,50.0,0.2,0.15,193.0,1.0,0.15,0.0,0.0,0.0,0.0,2018-05-08
275,61096.0,organización y almacenamiento,percheros,50.0,0.2,0.0,101.0,0.0,0.0,0.0,0.0,0.0,0.0,2018-05-09
273,61096.0,organización y almacenamiento,percheros,50.0,0.2,0.11,130.0,7.0,0.74,1.0,1.0,49.9,49.9,2018-05-10
329,61096.0,organización y almacenamiento,percheros,50.0,0.2,0.0,79.0,0.0,0.0,0.0,0.0,0.0,0.0,2018-05-11
334,61096.0,organización y almacenamiento,percheros,50.0,0.2,0.13,155.0,1.0,0.13,0.0,0.0,0.0,0.0,2018-05-12
253,61096.0,organización y almacenamiento,percheros,50.0,0.2,0.1,275.0,2.0,0.21,0.0,0.0,0.0,0.0,2018-05-13
361,61096.0,organización y almacenamiento,percheros,50.0,0.2,0.1,148.0,6.0,0.63,0.0,0.0,0.0,0.0,2018-05-14
321,61096.0,organización y almacenamiento,percheros,50.0,0.2,0.14,113.0,3.0,0.43,0.0,0.0,0.0,0.0,2018-05-15
255,61096.0,organización y almacenamiento,percheros,50.0,0.2,0.06,121.0,3.0,0.19,0.0,0.0,0.0,0.0,2018-05-16
271,61096.0,organización y almacenamiento,percheros,50.0,0.2,0.12,129.0,3.0,0.36,0.0,0.0,0.0,0.0,2018-05-17
307,61096.0,organización y almacenamiento,percheros,50.0,0.2,0.07,176.0,3.0,0.2,0.0,0.0,0.0,0.0,2018-05-18
247,61096.0,organización y almacenamiento,percheros,50.0,0.2,0.0,124.0,0.0,0.0,0.0,0.0,0.0,0.0,2018-05-19
328,61096.0,organización y almacenamiento,percheros,50.0,0.2,0.1,166.0,5.0,0.49,0.0,0.0,0.0,0.0,2018-05-20
231,61096.0,organización y almacenamiento,percheros,50.0,0.2,0.11,178.0,3.0,0.34,0.0,0.0,0.0,0.0,2018-05-21
319,61096.0,organización y almacenamiento,percheros,50.0,0.2,0.12,257.0,9.0,1.1,0.0,0.0,0.0,0.0,2018-05-22
259,61096.0,organización y almacenamiento,percheros,50.0,0.2,0.14,161.0,4.0,0.56,0.0,0.0,0.0,0.0,2018-05-23
300,61096.0,organización y almacenamiento,percheros,50.0,0.2,0.13,161.0,4.0,0.53,0.0,0.0,0.0,0.0,2018-05-24
317,61096.0,organización y almacenamiento,percheros,50.0,0.2,0.14,321.0,4.0,0.58,0.0,0.0,0.0,0.0,2018-05-25
248,61096.0,organización y almacenamiento,percheros,50.0,0.2,0.12,362.0,7.0,0.84,0.0,0.0,0.0,0.0,2018-05-26
279,61096.0,organización y almacenamiento,percheros,50.0,0.2,0.13,409.0,8.0,1.07,0.0,0.0,0.0,0.0,2018-05-27
256,61096.0,organización y almacenamiento,percheros,50.0,0.2,0.14,232.0,8.0,1.15,0.0,0.0,0.0,0.0,2018-05-28
257,61096.0,organización y almacenamiento,percheros,50.0,0.15,0.0,64.0,0.0,0.0,0.0,0.0,0.0,0.0,2018-05-28
368,61096.0,organización y almacenamiento,percheros,50.0,0.15,0.12,160.0,3.0,0.37,0.0,0.0,0.0,0.0,2018-05-29
297,61096.0,organización y almacenamiento,percheros,50.0,0.15,0.13,181.0,5.0,0.67,0.0,0.0,0.0,0.0,2018-05-30
272,61096.0,organización y almacenamiento,percheros,50.0,0.15,0.12,180.0,3.0,0.35,1.0,1.0,51.9,51.9,2018-05-31
395,61096.0,organización y almacenamiento,percheros,50.0,0.15,0.1,118.0,2.0,0.21,0.17,0.17,8.32,8.32,2018-06-01
381,61096.0,organización y almacenamiento,percheros,50.0,0.15,0.14,251.0,2.0,0.29,0.0,0.0,0.0,0.0,2018-06-02
303,61096.0,organización y almacenamiento,percheros,50.0,0.15,0.14,272.0,5.0,0.7,0.0,1.0,0.0,0.0,2018-06-03
258,61096.0,organización y almacenamiento,percheros,50.0,0.15,0.11,196.0,4.0,0.45,0.0,0.0,0.0,0.0,2018-06-04
360,61096.0,organización y almacenamiento,percheros,50.0,0.15,0.14,194.0,5.0,0.72,0.0,0.0,0.0,0.0,2018-06-05
264,61096.0,organización y almacenamiento,percheros,50.0,0.15,0.08,253.0,5.0,0.42,0.0,0.0,0.0,0.0,2018-06-06
254,61096.0,organización y almacenamiento,percheros,50.0,0.15,0.09,307.0,13.0,1.22,0.0,0.0,0.0,0.0,2018-06-07
373,61096.0,organización y almacenamiento,percheros,50.0,0.15,0.0,44.0,0.0,0.0,0.0,0.0,0.0,0.0,2018-06-08
351,61096.0,organización y almacenamiento,percheros,50.0,0.15,0.09,365.0,8.0,0.7,0.0,0.0,0.0,0.0,2018-06-09
293,61096.0,organización y almacenamiento,percheros,50.0,0.15,0.09,498.0,14.0,1.29,0.0,0.0,0.0,0.0,2018-06-10
241,61096.0,organización y almacenamiento,percheros,50.0,0.15,0.1,416.0,5.0,0.48,0.0,0.0,0.0,0.0,2018-06-11
344,61096.0,organización y almacenamiento,percheros,50.0,0.15,0.11,350.0,6.0,0.64,0.0,0.0,0.0,0.0,2018-06-12
353,61096.0,organización y almacenamiento,percheros,50.0,0.15,0.09,318.0,8.0,0.72,0.0,0.0,0.0,0.0,2018-06-13
286,61096.0,organización y almacenamiento,percheros,50.0,0.15,0.08,254.0,3.0,0.25,1.0,2.0,49.9,49.9,2018-06-14
383,61096.0,organización y almacenamiento,percheros,50.0,0.15,0.08,227.0,3.0,0.23,0.0,0.0,0.0,0.0,2018-06-15
276,61096.0,organización y almacenamiento,percheros,50.0,0.15,0.13,296.0,4.0,0.51,0.0,0.0,0.0,0.0,2018-06-16
265,61096.0,organización y almacenamiento,percheros,50.0,0.15,0.15,331.0,1.0,0.15,0.0,0.0,0.0,0.0,2018-06-17
315,61096.0,organización y almacenamiento,percheros,50.0,0.15,0.1,285.0,11.0,1.13,0.0,0.0,0.0,0.0,2018-06-18
367,61096.0,organización y almacenamiento,percheros,50.0,0.15,0.12,294.0,4.0,0.49,0.0,0.0,0.0,0.0,2018-06-19
282,61096.0,organización y almacenamiento,percheros,50.0,0.15,0.11,291.0,3.0,0.34,0.0,0.0,0.0,0.0,2018-06-20
352,61096.0,organización y almacenamiento,percheros,50.0,0.15,0.12,243.0,6.0,0.74,0.0,0.0,0.0,0.0,2018-06-21
388,61096.0,organización y almacenamiento,percheros,50.0,0.15,0.15,262.0,2.0,0.3,0.0,0.0,0.0,0.0,2018-06-22
289,61096.0,organización y almacenamiento,percheros,50.0,0.15,0.12,221.0,1.0,0.12,0.0,0.0,0.0,0.0,2018-06-23
306,61096.0,organización y almacenamiento,percheros,50.0,0.15,0.0,307.0,0.0,0.0,0.0,0.0,0.0,0.0,2018-06-24
239,61096.0,organización y almacenamiento,percheros,50.0,0.15,0.12,323.0,2.0,0.24,0.0,0.0,0.0,0.0,2018-06-25
316,61096.0,organización y almacenamiento,percheros,50.0,0.15,0.15,307.0,1.0,0.15,0.0,0.0,0.0,0.0,2018-06-26
379,61096.0,organización y almacenamiento,percheros,50.0,0.15,0.1,313.0,2.0,0.21,0.0,0.0,0.0,0.0,2018-06-27
349,61096.0,organización y almacenamiento,percheros,50.0,0.15,0.0,225.0,0.0,0.0,0.0,0.0,0.0,0.0,2018-06-28
342,61096.0,organización y almacenamiento,percheros,50.0,0.15,0.11,242.0,3.0,0.34,0.0,0.0,0.0,0.0,2018-06-29
333,61096.0,organización y almacenamiento,percheros,50.0,0.15,0.09,233.0,2.0,0.18,0.0,0.0,0.0,0.0,2018-06-30
260,61096.0,organización y almacenamiento,percheros,50.0,0.15,0.1,322.0,5.0,0.51,0.0,0.0,0.0,0.0,2018-07-01
263,61096.0,organización y almacenamiento,percheros,50.0,0.15,0.12,260.0,2.0,0.24,0.0,0.0,0.0,0.0,2018-07-02
235,61096.0,organización y almacenamiento,percheros,50.0,0.15,0.1,196.0,6.0,0.6,0.0,0.0,0.0,0.0,2018-07-03
346,61096.0,organización y almacenamiento,percheros,50.0,0.15,0.12,340.0,6.0,0.74,0.0,3.0,0.0,0.0,2018-07-04
358,61096.0,organización y almacenamiento,percheros,50.0,0.15,0.14,249.0,6.0,0.84,0.0,0.0,0.0,0.0,2018-07-05
252,61096.0,organización y almacenamiento,percheros,50.0,0.15,0.06,189.0,1.0,0.06,0.0,0.0,0.0,0.0,2018-07-06
305,61096.0,organización y almacenamiento,percheros,50.0,0.15,0.1,222.0,3.0,0.29,0.0,0.0,0.0,0.0,2018-07-07
350,61096.0,organización y almacenamiento,percheros,50.0,0.15,0.08,217.0,6.0,0.49,0.0,0.0,0.0,0.0,2018-07-08
292,61096.0,organización y almacenamiento,percheros,50.0,0.15,0.1,247.0,4.0,0.42,0.0,0.0,0.0,0.0,2018-07-09
345,61096.0,organización y almacenamiento,percheros,50.0,0.15,0.0,253.0,0.0,0.0,0.0,0.0,0.0,0.0,2018-07-10
336,61096.0,organización y almacenamiento,percheros,50.0,0.15,0.14,264.0,2.0,0.28,0.0,0.0,0.0,0.0,2018-07-11
277,61096.0,organización y almacenamiento,percheros,50.0,0.15,0.12,251.0,2.0,0.24,0.0,0.0,0.0,0.0,2018-07-12
370,61096.0,organización y almacenamiento,percheros,50.0,0.15,0.1,313.0,6.0,0.6,0.1,0.1,4.99,4.99,2018-07-13
278,61096.0,organización y almacenamiento,percheros,50.0,0.15,0.11,309.0,5.0,0.53,0.0,0.0,0.0,0.0,2018-07-14
281,61096.0,organización y almacenamiento,percheros,50.0,0.15,0.13,386.0,10.0,1.32,0.0,0.0,0.0,0.0,2018-07-15
390,61096.0,organización y almacenamiento,percheros,50.0,0.15,0.07,404.0,7.0,0.46,0.2,1.2,9.98,9.98,2018-07-16
262,61096.0,organización y almacenamiento,percheros,50.0,0.15,0.14,350.0,8.0,1.08,0.0,0.0,0.0,0.0,2018-07-17
237,61096.0,organización y almacenamiento,percheros,50.0,0.15,0.13,331.0,8.0,1.02,0.0,0.0,0.0,0.0,2018-07-18
238,61096.0,organización y almacenamiento,percheros,50.0,0.21,0.18,42.0,3.0,0.54,0.0,0.0,0.0,0.0,2018-07-18
227,61096.0,organización y almacenamiento,percheros,50.0,0.15,0.13,355.0,6.0,0.78,0.0,0.0,0.0,0.0,2018-07-19
226,61096.0,organización y almacenamiento,percheros,50.0,0.21,0.0,40.0,0.0,0.0,0.0,0.0,0.0,0.0,2018-07-19
269,61096.0,organización y almacenamiento,percheros,50.0,0.21,0.0,31.0,0.0,0.0,0.0,0.0,0.0,0.0,2018-07-20
268,61096.0,organización y almacenamiento,percheros,50.0,0.15,0.11,317.0,8.0,0.87,0.0,0.0,0.0,0.0,2018-07-20
311,61096.0,organización y almacenamiento,percheros,50.0,0.15,0.07,281.0,4.0,0.28,0.0,0.0,0.0,0.0,2018-07-21
310,61096.0,organización y almacenamiento,percheros,50.0,0.21,0.0,13.0,0.0,0.0,0.0,0.0,0.0,0.0,2018-07-21
324,61096.0,organización y almacenamiento,percheros,50.0,0.21,0.0,16.0,0.0,0.0,0.0,0.0,0.0,0.0,2018-07-22
323,61096.0,organización y almacenamiento,percheros,50.0,0.15,0.09,268.0,11.0,1.01,0.0,0.0,0.0,0.0,2018-07-22
246,61096.0,organización y almacenamiento,percheros,50.0,0.21,0.0,18.0,0.0,0.0,0.0,0.0,0.0,0.0,2018-07-23
245,61096.0,organización y almacenamiento,percheros,50.0,0.15,0.1,265.0,4.0,0.39,0.0,0.0,0.0,0.0,2018-07-23
357,61096.0,organización y almacenamiento,percheros,50.0,0.21,0.0,18.0,0.0,0.0,0.0,0.0,0.0,0.0,2018-07-24
356,61096.0,organización y almacenamiento,percheros,50.0,0.15,0.2,475.0,11.0,2.17,0.0,0.0,0.0,0.0,2018-07-24
291,61096.0,organización y almacenamiento,percheros,50.0,0.15,0.3,531.0,4.0,1.2,0.0,0.0,0.0,0.0,2018-07-25
320,61096.0,organización y almacenamiento,percheros,50.0,0.15,0.22,444.0,5.0,1.1,0.0,0.0,0.0,0.0,2018-07-26
312,61096.0,organización y almacenamiento,percheros,50.0,0.15,0.12,351.0,6.0,0.69,0.0,0.0,0.0,0.0,2018-07-27
347,61096.0,organización y almacenamiento,percheros,50.0,0.15,0.13,335.0,2.0,0.26,0.0,0.0,0.0,0.0,2018-07-28
244,61096.0,organización y almacenamiento,percheros,50.0,0.15,0.25,310.0,4.0,1.0,0.0,0.0,0.0,0.0,2018-07-29
299,61096.0,organización y almacenamiento,percheros,50.0,0.15,0.16,382.0,6.0,0.97,1.0,2.0,49.9,49.9,2018-07-30
308,61096.0,organización y almacenamiento,percheros,50.0,0.15,0.18,319.0,2.0,0.35,0.0,0.0,0.0,0.0,2018-07-31
314,61096.0,organización y almacenamiento,percheros,50.0,0.15,0.16,295.0,5.0,0.79,0.0,0.0,0.0,0.0,2018-08-01
341,61096.0,organización y almacenamiento,percheros,50.0,0.15,0.13,340.0,3.0,0.4,0.5,0.5,24.95,24.95,2018-08-02
354,61096.0,organización y almacenamiento,percheros,50.0,0.15,0.17,296.0,4.0,0.67,0.0,0.0,0.0,0.0,2018-08-03
330,61096.0,organización y almacenamiento,percheros,50.0,0.15,0.18,274.0,5.0,0.91,0.0,0.0,0.0,0.0,2018-08-04
290,61096.0,organización y almacenamiento,percheros,50.0,0.15,0.0,269.0,0.0,0.0,0.0,0.0,0.0,0.0,2018-08-05
393,61096.0,organización y almacenamiento,percheros,50.0,0.15,0.12,640.0,5.0,0.58,0.0,0.0,0.0,0.0,2018-08-06
236,61096.0,organización y almacenamiento,percheros,50.0,0.15,0.16,1022.0,13.0,2.08,0.0,0.0,0.0,0.0,2018-08-07
337,61096.0,organización y almacenamiento,percheros,50.0,0.15,0.15,1054.0,10.0,1.52,0.0,0.0,0.0,0.0,2018-08-08
366,61096.0,organización y almacenamiento,percheros,50.0,0.15,0.17,1072.0,12.0,2.01,0.0,0.0,0.0,0.0,2018-08-09
391,61096.0,organización y almacenamiento,percheros,50.0,0.15,0.15,951.0,17.0,2.57,0.0,0.0,0.0,0.0,2018-08-10
313,61096.0,organización y almacenamiento,percheros,50.0,0.15,0.17,997.0,22.0,3.83,0.0,0.0,0.0,0.0,2018-08-11
332,61096.0,organización y almacenamiento,percheros,50.0,0.15,0.14,950.0,15.0,2.14,0.0,0.0,0.0,0.0,2018-08-12
243,61096.0,organización y almacenamiento,percheros,50.0,0.15,0.18,1000.0,12.0,2.13,1.0,1.0,49.9,49.9,2018-08-13
280,61096.0,organización y almacenamiento,percheros,50.0,0.15,0.16,943.0,9.0,1.44,0.0,0.0,0.0,0.0,2018-08-14
294,61096.0,organización y almacenamiento,percheros,50.0,0.15,0.21,885.0,10.0,2.1,0.0,0.0,0.0,0.0,2018-08-15
295,61096.0,organización y almacenamiento,percheros,50.0,0.15,0.2,971.0,14.0,2.77,0.0,0.0,0.0,0.0,2018-08-16
389,61096.0,organización y almacenamiento,percheros,50.0,0.15,0.18,994.0,5.0,0.92,0.0,0.0,0.0,0.0,2018-08-17
326,61096.0,organización y almacenamiento,percheros,50.0,0.15,0.17,844.0,12.0,2.08,0.0,0.0,0.0,0.0,2018-08-18
340,61096.0,organización y almacenamiento,percheros,50.0,0.15,0.22,1284.0,16.0,3.47,0.0,0.0,0.0,0.0,2018-08-19
374,61096.0,organización y almacenamiento,percheros,50.0,0.15,0.22,1320.0,24.0,5.27,0.6,1.6,29.94,29.94,2018-08-20
359,61096.0,organización y almacenamiento,percheros,50.0,0.15,0.22,1557.0,30.0,6.62,1.4,1.4,71.86,71.86,2018-08-21
387,61096.0,organización y almacenamiento,percheros,50.0,0.15,0.21,1422.0,33.0,6.79,0.48,0.48,25.05,25.05,2018-08-22
228,61096.0,organización y almacenamiento,percheros,50.0,0.15,0.2,1450.0,21.0,4.11,0.0,0.0,0.0,0.0,2018-08-23
287,61096.0,organización y almacenamiento,percheros,50.0,0.15,0.21,1533.0,17.0,3.54,0.0,0.0,0.0,0.0,2018-08-24
355,61096.0,organización y almacenamiento,percheros,50.0,0.15,0.2,1459.0,25.0,5.01,2.0,3.0,101.8,101.8,2018-08-25
331,61096.0,organización y almacenamiento,percheros,50.0,0.15,0.22,1746.0,29.0,6.29,0.0,0.0,0.0,0.0,2018-08-26
382,61096.0,organización y almacenamiento,percheros,50.0,0.15,0.23,2150.0,27.0,6.25,0.0,0.0,0.0,0.0,2018-08-27
363,61096.0,organización y almacenamiento,percheros,50.0,0.15,0.24,1867.0,25.0,5.91,0.0,0.0,0.0,0.0,2018-08-28
296,61096.0,organización y almacenamiento,percheros,50.0,0.15,0.22,2029.0,36.0,8.09,0.5,1.5,24.95,24.95,2018-08-29
302,61096.0,organización y almacenamiento,percheros,50.0,0.15,0.22,1783.0,23.0,5.04,0.0,0.0,0.0,0.0,2018-08-30
384,61096.0,organización y almacenamiento,percheros,50.0,0.15,0.21,1744.0,23.0,4.85,0.0,0.0,0.0,0.0,2018-08-31
229,61096.0,organización y almacenamiento,percheros,50.0,0.15,0.22,1592.0,21.0,4.62,0.0,0.0,0.0,0.0,2018-09-01
274,61096.0,organización y almacenamiento,percheros,50.0,0.15,0.22,1683.0,22.0,4.84,0.0,0.0,0.0,0.0,2018-09-02
261,61096.0,organización y almacenamiento,percheros,50.0,0.15,0.24,1759.0,27.0,6.47,1.0,1.0,49.9,49.9,2018-09-03
339,61096.0,organización y almacenamiento,percheros,50.0,0.15,0.21,1730.0,34.0,7.09,1.0,1.0,49.9,49.9,2018-09-04
392,61096.0,organización y almacenamiento,percheros,50.0,0.15,0.2,1921.0,31.0,6.09,0.0,0.0,0.0,0.0,2018-09-05
288,61096.0,organización y almacenamiento,percheros,50.0,0.15,0.25,1634.0,27.0,6.65,0.66,1.66,29.64,29.64,2018-09-06
376,61096.0,organización y almacenamiento,percheros,50.0,0.15,0.21,1546.0,7.0,1.45,0.0,0.0,0.0,0.0,2018-09-07
301,61096.0,organización y almacenamiento,percheros,50.0,0.15,0.24,1531.0,20.0,4.71,0.33,1.33,14.82,14.82,2018-09-08
385,61096.0,organización y almacenamiento,percheros,50.0,0.15,0.22,1921.0,38.0,8.42,0.0,0.0,0.0,0.0,2018-09-09
338,61096.0,organización y almacenamiento,percheros,50.0,0.15,0.22,1834.0,22.0,4.87,0.0,0.0,0.0,0.0,2018-09-10
270,61096.0,organización y almacenamiento,percheros,50.0,0.15,0.23,1611.0,24.0,5.57,1.0,1.0,49.9,49.9,2018-09-11
343,61096.0,organización y almacenamiento,percheros,50.0,0.15,0.24,1582.0,24.0,5.74,0.0,0.0,0.0,0.0,2018-09-12
348,61096.0,organización y almacenamiento,percheros,50.0,0.15,0.26,1449.0,21.0,5.51,0.0,0.0,0.0,0.0,2018-09-13
242,61096.0,organización y almacenamiento,percheros,50.0,0.15,0.23,1367.0,12.0,2.81,0.0,0.0,0.0,0.0,2018-09-14
375,61096.0,organización y almacenamiento,percheros,50.0,0.15,0.26,1528.0,19.0,4.86,0.0,0.0,0.0,0.0,2018-09-15
386,61096.0,organización y almacenamiento,percheros,50.0,0.15,0.26,1819.0,22.0,5.67,0.0,0.0,0.0,0.0,2018-09-16
380,61096.0,organización y almacenamiento,percheros,50.0,0.15,0.27,1462.0,11.0,2.99,0.0,0.0,0.0,0.0,2018-09-17
377,61096.0,organización y almacenamiento,percheros,50.0,0.15,0.26,1464.0,12.0,3.07,0.0,0.0,0.0,0.0,2018-09-18
309,61096.0,organización y almacenamiento,percheros,50.0,0.15,0.23,1197.0,16.0,3.75,0.0,0.0,0.0,0.0,2018-09-19
234,61096.0,organización y almacenamiento,percheros,50.0,0.15,0.24,1205.0,14.0,3.32,0.0,0.0,0.0,0.0,2018-09-20
372,61096.0,organización y almacenamiento,percheros,50.0,0.15,0.22,995.0,16.0,3.52,0.0,0.0,0.0,0.0,2018-09-21
362,61096.0,organización y almacenamiento,percheros,50.0,0.15,0.23,1341.0,12.0,2.73,0.0,0.0,0.0,0.0,2018-09-22
298,61096.0,organización y almacenamiento,percheros,50.0,0.15,0.23,1373.0,16.0,3.62,0.0,0.0,0.0,0.0,2018-09-23
304,61096.0,organización y almacenamiento,percheros,50.0,0.15,0.25,1236.0,18.0,4.5,0.0,0.0,0.0,0.0,2018-09-24
283,61096.0,organización y almacenamiento,percheros,50.0,0.15,0.27,1104.0,17.0,4.62,0.0,0.0,0.0,0.0,2018-09-25
250,61096.0,organización y almacenamiento,percheros,50.0,0.15,0.33,1099.0,14.0,4.58,0.0,0.0,0.0,0.0,2018-09-26
251,61096.0,organización y almacenamiento,percheros,50.0,0.2,0.0,1.0,0.0,0.0,0.0,0.0,0.0,0.0,2018-09-26
365,61096.0,organización y almacenamiento,percheros,50.0,0.15,0.28,1087.0,13.0,3.59,0.0,0.0,0.0,0.0,2018-09-27
325,61096.0,organización y almacenamiento,percheros,50.0,0.15,0.23,1113.0,15.0,3.41,0.0,0.0,0.0,0.0,2018-09-28
394,61096.0,organización y almacenamiento,percheros,50.0,0.15,0.2,1260.0,14.0,2.76,0.0,0.0,0.0,0.0,2018-09-29
318,61096.0,organización y almacenamiento,percheros,50.0,0.15,0.28,1367.0,14.0,3.88,0.0,1.0,0.0,0.0,2018-09-30
526,61096.0,organización y almacenamiento,percheros,50.0,0.15,0.23,1294.0,11.0,2.54,0.0,0.0,0.0,0.0,2018-10-01
438,61096.0,organización y almacenamiento,percheros,50.0,0.15,0.26,1306.0,22.0,5.7,1.0,2.0,51.9,51.9,2018-10-02
485,61096.0,organización y almacenamiento,percheros,50.0,0.15,0.23,1381.0,22.0,4.97,0.0,0.0,0.0,0.0,2018-10-03
482,61096.0,organización y almacenamiento,percheros,50.0,0.15,0.33,1554.0,13.0,4.32,1.0,1.0,46.91,46.91,2018-10-04
450,61096.0,organización y almacenamiento,percheros,50.0,0.15,0.23,1265.0,11.0,2.53,1.0,2.0,89.82,89.82,2018-10-05
473,61096.0,organización y almacenamiento,percheros,50.0,0.15,0.22,1381.0,28.0,6.27,0.0,0.0,0.0,0.0,2018-10-06
522,61096.0,organización y almacenamiento,percheros,50.0,0.15,0.25,2183.0,33.0,8.34,0.14,1.14,7.13,7.13,2018-10-07
428,61096.0,organización y almacenamiento,percheros,50.0,0.15,0.22,2157.0,38.0,8.27,0.0,1.0,0.0,0.0,2018-10-08
510,61096.0,organización y almacenamiento,percheros,50.0,0.15,0.25,2138.0,26.0,6.46,0.0,1.0,0.0,0.0,2018-10-09
447,61096.0,organización y almacenamiento,percheros,50.0,0.15,0.26,1770.0,24.0,6.3,1.0,3.0,49.9,49.9,2018-10-10
427,61096.0,organización y almacenamiento,percheros,50.0,0.15,0.22,1726.0,20.0,4.3,0.0,0.0,0.0,0.0,2018-10-11
572,61096.0,organización y almacenamiento,percheros,50.0,0.15,0.22,1797.0,18.0,3.99,0.0,0.0,0.0,0.0,2018-10-12
569,61096.0,organización y almacenamiento,percheros,50.0,0.15,0.18,1933.0,19.0,3.49,0.0,0.0,0.0,0.0,2018-10-13
457,61096.0,organización y almacenamiento,percheros,50.0,0.15,0.26,2394.0,21.0,5.56,0.0,0.0,0.0,0.0,2018-10-14
511,61096.0,organización y almacenamiento,percheros,50.0,0.15,0.25,1443.0,15.0,3.7,0.0,0.0,0.0,0.0,2018-10-15
496,61096.0,organización y almacenamiento,percheros,50.0,0.15,0.23,1395.0,27.0,6.32,0.0,0.0,0.0,0.0,2018-10-16
521,61096.0,organización y almacenamiento,percheros,50.0,0.15,0.3,1284.0,18.0,5.31,0.0,1.0,0.0,0.0,2018-10-17
396,61096.0,organización y almacenamiento,percheros,50.0,0.15,0.26,1813.0,24.0,6.15,0.0,2.0,0.0,0.0,2018-10-18
558,61096.0,organización y almacenamiento,percheros,50.0,0.15,0.21,1160.0,14.0,2.97,0.33,0.33,16.63,16.63,2018-10-19
415,61096.0,organización y almacenamiento,percheros,50.0,0.15,0.21,1080.0,15.0,3.1,0.0,0.0,0.0,0.0,2018-10-20
439,61096.0,organización y almacenamiento,percheros,50.0,0.15,0.22,1004.0,18.0,3.88,0.0,1.0,0.0,0.0,2018-10-21
540,61096.0,organización y almacenamiento,percheros,50.0,0.15,0.23,1187.0,13.0,2.95,0.0,0.0,0.0,0.0,2018-10-22
564,61096.0,organización y almacenamiento,percheros,50.0,0.15,0.35,918.0,11.0,3.81,0.0,0.0,0.0,0.0,2018-10-23
417,61096.0,organización y almacenamiento,percheros,50.0,0.15,0.18,819.0,7.0,1.26,0.0,0.0,0.0,0.0,2018-10-24
503,61096.0,organización y almacenamiento,percheros,50.0,0.15,0.18,601.0,11.0,1.98,0.0,0.0,0.0,0.0,2018-10-25
554,61096.0,organización y almacenamiento,percheros,50.0,0.15,0.41,327.0,6.0,2.44,0.0,0.0,0.0,0.0,2018-10-26
424,61096.0,organización y almacenamiento,percheros,50.0,0.15,0.14,539.0,6.0,0.82,0.0,0.0,0.0,0.0,2018-10-27
498,61096.0,organización y almacenamiento,percheros,50.0,0.15,0.25,392.0,4.0,0.99,0.0,0.0,0.0,0.0,2018-10-28
411,61096.0,organización y almacenamiento,percheros,50.0,0.15,0.24,474.0,3.0,0.72,0.0,0.0,0.0,0.0,2018-10-29
418,61096.0,organización y almacenamiento,percheros,50.0,0.15,0.3,306.0,7.0,2.09,0.0,0.0,0.0,0.0,2018-10-30
398,61096.0,organización y almacenamiento,percheros,50.0,0.15,0.29,362.0,3.0,0.86,0.0,0.0,0.0,0.0,2018-10-31
516,61096.0,organización y almacenamiento,percheros,50.0,0.15,0.3,447.0,6.0,1.83,0.0,1.0,0.0,0.0,2018-11-01
403,61096.0,organización y almacenamiento,percheros,50.0,0.15,0.22,381.0,6.0,1.31,0.0,0.0,0.0,0.0,2018-11-02
423,61096.0,organización y almacenamiento,percheros,50.0,0.15,0.21,690.0,8.0,1.67,0.0,0.0,0.0,0.0,2018-11-03
544,61096.0,organización y almacenamiento,percheros,50.0,0.15,0.3,584.0,5.0,1.51,0.0,0.0,0.0,0.0,2018-11-04
567,61096.0,organización y almacenamiento,percheros,50.0,0.15,0.27,860.0,6.0,1.62,0.0,0.0,0.0,0.0,2018-11-05
455,61096.0,organización y almacenamiento,percheros,50.0,0.15,0.16,924.0,7.0,1.1,0.0,0.0,0.0,0.0,2018-11-06
500,61096.0,organización y almacenamiento,percheros,50.0,0.15,0.28,979.0,10.0,2.75,0.5,1.0,24.95,49.9,2018-11-07
542,61096.0,organización y almacenamiento,percheros,50.0,0.15,0.28,662.0,9.0,2.48,0.0,0.0,0.0,0.0,2018-11-08
405,61096.0,organización y almacenamiento,percheros,50.0,0.15,0.14,474.0,6.0,0.86,0.0,0.0,0.0,0.0,2018-11-09
397,61096.0,organización y almacenamiento,percheros,50.0,0.15,0.1,348.0,2.0,0.19,0.0,0.0,0.0,0.0,2018-11-10
571,61096.0,organización y almacenamiento,percheros,50.0,0.15,0.19,492.0,11.0,2.09,0.0,0.0,0.0,0.0,2018-11-11
404,61096.0,organización y almacenamiento,percheros,50.0,0.15,0.19,443.0,3.0,0.57,0.0,0.0,0.0,0.0,2018-11-12
553,61096.0,organización y almacenamiento,percheros,50.0,0.15,0.23,1091.0,17.0,3.95,0.0,0.0,0.0,0.0,2018-11-13
448,61096.0,organización y almacenamiento,percheros,50.0,0.15,0.23,1254.0,18.0,4.13,0.0,0.0,0.0,0.0,2018-11-14
471,61096.0,organización y almacenamiento,percheros,50.0,0.15,0.31,1499.0,13.0,4.08,0.0,0.0,0.0,0.0,2018-11-15
467,61096.0,organización y almacenamiento,percheros,50.0,0.15,0.34,1324.0,25.0,8.4,0.0,0.0,0.0,0.0,2018-11-16
468,61096.0,organización y almacenamiento,percheros,50.0,0.15,0.41,1271.0,14.0,5.74,1.0,2.0,49.9,99.8,2018-11-17
446,61096.0,organización y almacenamiento,percheros,50.0,0.15,0.38,810.0,12.0,4.5,0.0,0.0,0.0,0.0,2018-11-18
502,61096.0,organización y almacenamiento,percheros,50.0,0.15,0.32,1280.0,23.0,7.27,0.0,0.0,0.0,0.0,2018-11-19
541,61096.0,organización y almacenamiento,percheros,50.0,0.15,0.38,1311.0,22.0,8.4,0.0,0.0,0.0,0.0,2018-11-20
414,61096.0,organización y almacenamiento,percheros,50.0,0.15,0.38,1759.0,27.0,10.27,1.0,2.0,44.9,89.8,2018-11-21
524,61096.0,organización y almacenamiento,percheros,50.0,0.15,0.39,1797.0,23.0,8.89,0.0,0.45,0.0,22.46,2018-11-22
529,61096.0,organización y almacenamiento,percheros,50.0,0.15,0.4,2547.0,51.0,20.37,2.0,4.0,89.8,179.6,2018-11-23
557,61096.0,organización y almacenamiento,percheros,50.0,0.15,0.46,1700.0,13.0,6.03,0.0,0.0,0.0,0.0,2018-11-24
400,61096.0,organización y almacenamiento,percheros,50.0,0.15,0.43,2185.0,31.0,13.26,1.0,3.0,44.9,139.7,2018-11-25
444,61096.0,organización y almacenamiento,percheros,50.0,0.15,0.42,2824.0,34.0,14.14,0.33,0.78,16.63,39.09,2018-11-26
442,61096.0,organización y almacenamiento,percheros,50.0,0.15,0.0,10.0,0.0,0.0,0.0,0.0,0.0,0.0,2018-11-27
687,61096.0,organización y almacenamiento,percheros,50.0,0.0,0.0,0.0,0.0,0.0,0.0,0.0,0.0,0.0,2018-11-28
688,61096.0,organización y almacenamiento,percheros,50.0,0.0,0.0,0.0,0.0,0.0,0.0,0.0,0.0,0.0,2018-11-29
536,61096.0,organización y almacenamiento,percheros,50.0,0.15,0.04,107.0,2.0,0.08,0.33,0.43,16.63,21.62,2018-11-30
420,61096.0,organización y almacenamiento,percheros,50.0,0.15,0.26,484.0,6.0,1.53,0.0,0.0,0.0,0.0,2018-12-01
434,61096.0,organización y almacenamiento,percheros,50.0,0.15,0.2,386.0,4.0,0.79,0.0,0.0,0.0,0.0,2018-12-02
532,61096.0,organización y almacenamiento,percheros,50.0,0.15,0.33,311.0,1.0,0.33,0.0,0.0,0.0,0.0,2018-12-03
549,61096.0,organización y almacenamiento,percheros,50.0,0.15,0.32,263.0,3.0,0.95,0.0,0.0,0.0,0.0,2018-12-04
555,61096.0,organización y almacenamiento,percheros,50.0,0.15,0.4,202.0,1.0,0.4,0.0,0.0,0.0,0.0,2018-12-05
537,61096.0,organización y almacenamiento,percheros,50.0,0.15,0.45,318.0,5.0,2.25,0.0,0.0,0.0,0.0,2018-12-06
559,61096.0,organización y almacenamiento,percheros,50.0,0.15,0.0,289.0,0.0,0.0,0.0,0.0,0.0,0.0,2018-12-07
433,61096.0,organización y almacenamiento,percheros,50.0,0.15,0.35,302.0,9.0,3.12,0.0,0.0,0.0,0.0,2018-12-08
545,61096.0,organización y almacenamiento,percheros,50.0,0.15,0.26,424.0,4.0,1.04,1.0,2.0,49.9,99.8,2018-12-09
463,61096.0,organización y almacenamiento,percheros,50.0,0.15,0.47,370.0,5.0,2.34,0.0,0.0,0.0,0.0,2018-12-10
426,61096.0,organización y almacenamiento,percheros,50.0,0.15,0.94,162.0,2.0,1.88,0.0,0.0,0.0,0.0,2018-12-11
562,61096.0,organización y almacenamiento,percheros,50.0,0.15,0.26,437.0,2.0,0.52,0.0,0.0,0.0,0.0,2018-12-12
568,61096.0,organización y almacenamiento,percheros,50.0,0.15,0.33,293.0,2.0,0.66,0.0,0.0,0.0,0.0,2018-12-13
504,61096.0,organización y almacenamiento,percheros,50.0,0.15,0.29,371.0,5.0,1.45,0.0,0.0,0.0,0.0,2018-12-14
538,61096.0,organización y almacenamiento,percheros,50.0,0.15,0.6,462.0,4.0,2.41,0.0,0.0,0.0,0.0,2018-12-15
443,61096.0,organización y almacenamiento,percheros,50.0,0.15,0.21,437.0,3.0,0.64,0.0,0.0,0.0,0.0,2018-12-16
452,61096.0,organización y almacenamiento,percheros,50.0,0.15,0.4,547.0,4.0,1.61,0.0,0.0,0.0,0.0,2018-12-17
462,61096.0,organización y almacenamiento,percheros,50.0,0.15,0.61,454.0,5.0,3.07,0.0,0.0,0.0,0.0,2018-12-18
422,61096.0,organización y almacenamiento,percheros,50.0,0.15,0.4,520.0,7.0,2.79,0.0,0.0,0.0,0.0,2018-12-19
472,61096.0,organización y almacenamiento,percheros,50.0,0.15,0.3,796.0,15.0,4.51,0.0,0.5,0.0,24.95,2018-12-20
493,61096.0,organización y almacenamiento,percheros,50.0,0.15,0.45,665.0,5.0,2.23,0.0,0.0,0.0,0.0,2018-12-21
499,61096.0,organización y almacenamiento,percheros,50.0,0.15,0.31,863.0,15.0,4.64,0.0,0.0,0.0,0.0,2018-12-22
565,61096.0,organización y almacenamiento,percheros,50.0,0.15,0.35,710.0,7.0,2.47,0.0,0.0,0.0,0.0,2018-12-23
407,61096.0,organización y almacenamiento,percheros,50.0,0.15,0.38,924.0,12.0,4.55,0.0,0.0,0.0,0.0,2018-12-24
459,61096.0,organización y almacenamiento,percheros,50.0,0.15,0.44,843.0,16.0,7.11,0.0,0.0,0.0,0.0,2018-12-25
466,61096.0,organización y almacenamiento,percheros,50.0,0.15,0.29,758.0,14.0,4.0,0.0,0.0,0.0,0.0,2018-12-26
507,61096.0,organización y almacenamiento,percheros,50.0,0.15,0.44,908.0,4.0,1.76,0.0,0.0,0.0,0.0,2018-12-27
486,61096.0,organización y almacenamiento,percheros,50.0,0.15,0.32,562.0,5.0,1.61,0.0,0.0,0.0,0.0,2018-12-28
535,61096.0,organización y almacenamiento,percheros,50.0,0.15,0.33,444.0,7.0,2.32,0.0,0.0,0.0,0.0,2018-12-29
566,61096.0,organización y almacenamiento,percheros,50.0,0.15,0.56,687.0,3.0,1.67,0.0,0.0,0.0,0.0,2018-12-30
552,61096.0,organización y almacenamiento,percheros,50.0,0.15,0.41,1080.0,6.0,2.44,0.0,0.0,0.0,0.0,2018-12-31
509,61096.0,organización y almacenamiento,percheros,50.0,0.15,0.69,235.0,4.0,2.75,0.0,0.0,0.0,0.0,2019-01-01
425,61096.0,organización y almacenamiento,percheros,50.0,0.15,0.1,265.0,2.0,0.19,0.0,0.1,0.0,4.99,2019-01-02
481,61096.0,organización y almacenamiento,percheros,50.0,0.15,0.47,259.0,3.0,1.42,0.0,0.0,0.0,0.0,2019-01-03
494,61096.0,organización y almacenamiento,percheros,50.0,0.15,0.52,303.0,4.0,2.1,0.0,0.0,0.0,0.0,2019-01-04
574,61096.0,organización y almacenamiento,percheros,50.0,0.15,0.32,226.0,7.0,2.24,0.0,0.0,0.0,0.0,2019-01-05
547,61096.0,organización y almacenamiento,percheros,50.0,0.15,0.4,355.0,4.0,1.6,0.0,0.0,0.0,0.0,2019-01-06
531,61096.0,organización y almacenamiento,percheros,50.0,0.15,0.35,772.0,12.0,4.24,0.0,0.0,0.0,0.0,2019-01-07
479,61096.0,organización y almacenamiento,percheros,50.0,0.15,0.23,590.0,10.0,2.34,0.0,0.0,0.0,0.0,2019-01-08
508,61096.0,organización y almacenamiento,percheros,50.0,0.15,0.27,571.0,11.0,2.96,0.0,0.0,0.0,0.0,2019-01-09
477,61096.0,organización y almacenamiento,percheros,50.0,0.15,0.39,303.0,6.0,2.34,0.0,0.0,0.0,0.0,2019-01-10
476,61096.0,organización y almacenamiento,percheros,50.0,0.3,0.15,131.0,4.0,0.6,1.0,2.0,44.9,89.8,2019-01-10
495,61096.0,organización y almacenamiento,percheros,50.0,0.3,0.23,694.0,9.0,2.07,0.0,0.0,0.0,0.0,2019-01-11
470,61096.0,organización y almacenamiento,percheros,50.0,0.3,0.25,704.0,9.0,2.27,0.0,0.0,0.0,0.0,2019-01-12
419,61096.0,organización y almacenamiento,percheros,50.0,0.3,0.32,582.0,3.0,0.97,0.0,0.0,0.0,0.0,2019-01-13
440,61096.0,organización y almacenamiento,percheros,50.0,0.3,0.3,382.0,7.0,2.07,0.0,0.0,0.0,0.0,2019-01-14
523,61096.0,organización y almacenamiento,percheros,50.0,0.3,0.15,518.0,6.0,0.92,0.0,0.0,0.0,0.0,2019-01-15
441,61096.0,organización y almacenamiento,percheros,50.0,0.3,0.17,519.0,8.0,1.37,0.0,0.0,0.0,0.0,2019-01-16
550,61096.0,organización y almacenamiento,percheros,50.0,0.3,0.2,417.0,10.0,1.99,0.0,0.0,0.0,0.0,2019-01-17
413,61096.0,organización y almacenamiento,percheros,50.0,0.3,0.4,295.0,3.0,1.21,0.0,1.0,0.0,44.9,2019-01-18
461,61096.0,organización y almacenamiento,percheros,50.0,0.3,0.35,442.0,5.0,1.74,0.0,0.0,0.0,0.0,2019-01-19
513,61096.0,organización y almacenamiento,percheros,50.0,0.3,0.24,467.0,11.0,2.63,0.0,0.0,0.0,0.0,2019-01-20
480,61096.0,organización y almacenamiento,percheros,50.0,0.3,0.21,416.0,7.0,1.46,0.0,0.0,0.0,0.0,2019-01-21
409,61096.0,organización y almacenamiento,percheros,50.0,0.3,0.28,473.0,5.0,1.41,0.0,0.0,0.0,0.0,2019-01-22
512,61096.0,organización y almacenamiento,percheros,50.0,0.3,0.24,539.0,8.0,1.88,0.0,0.0,0.0,0.0,2019-01-23
530,61096.0,organización y almacenamiento,percheros,50.0,0.3,0.31,400.0,6.0,1.84,0.0,0.0,0.0,0.0,2019-01-24
416,61096.0,organización y almacenamiento,percheros,50.0,0.3,0.22,450.0,6.0,1.33,0.0,0.0,0.0,0.0,2019-01-25
570,61096.0,organización y almacenamiento,percheros,50.0,0.3,0.18,265.0,6.0,1.08,0.0,0.0,0.0,0.0,2019-01-26
551,61096.0,organización y almacenamiento,percheros,50.0,0.3,0.17,267.0,5.0,0.84,0.0,0.0,0.0,0.0,2019-01-27
488,61096.0,organización y almacenamiento,percheros,50.0,0.3,0.26,302.0,4.0,1.05,0.0,0.0,0.0,0.0,2019-01-28
437,61096.0,organización y almacenamiento,percheros,50.0,0.3,0.18,497.0,9.0,1.59,0.0,0.0,0.0,0.0,2019-01-29
501,61096.0,organización y almacenamiento,percheros,50.0,0.3,0.19,581.0,8.0,1.55,0.18,0.32,7.93,14.15,2019-01-30
561,61096.0,organización y almacenamiento,percheros,50.0,0.3,0.16,629.0,6.0,0.99,0.0,0.0,0.0,0.0,2019-01-31
528,61096.0,organización y almacenamiento,percheros,50.0,0.3,0.23,565.0,14.0,3.25,0.0,0.0,0.0,0.0,2019-02-01
484,61096.0,organización y almacenamiento,percheros,50.0,0.3,0.18,455.0,8.0,1.48,0.0,0.0,0.0,0.0,2019-02-02
563,61096.0,organización y almacenamiento,percheros,50.0,0.3,0.23,482.0,11.0,2.5,1.0,2.0,44.9,89.8,2019-02-03
519,61096.0,organización y almacenamiento,percheros,50.0,0.3,0.21,479.0,8.0,1.71,1.0,2.0,80.8,161.6,2019-02-04
483,61096.0,organización y almacenamiento,percheros,50.0,0.3,0.18,685.0,9.0,1.62,0.0,0.0,0.0,0.0,2019-02-05
546,61096.0,organización y almacenamiento,percheros,50.0,0.3,0.2,810.0,14.0,2.82,0.0,0.0,0.0,0.0,2019-02-06
399,61096.0,organización y almacenamiento,percheros,50.0,0.3,0.2,770.0,20.0,4.1,0.0,0.0,0.0,0.0,2019-02-07
465,61096.0,organización y almacenamiento,percheros,50.0,0.3,0.29,712.0,14.0,4.04,0.14,0.31,25.58,55.43,2019-02-08
474,61096.0,organización y almacenamiento,percheros,50.0,0.3,0.29,369.0,6.0,1.76,0.0,0.0,0.0,0.0,2019-02-09
517,61096.0,organización y almacenamiento,percheros,50.0,0.3,0.3,369.0,6.0,1.78,0.0,0.0,0.0,0.0,2019-02-10
520,61096.0,organización y almacenamiento,percheros,50.0,0.3,0.29,349.0,7.0,2.04,0.33,0.67,14.13,28.27,2019-02-11
543,61096.0,organización y almacenamiento,percheros,50.0,0.3,0.13,500.0,6.0,0.8,0.0,0.0,0.0,0.0,2019-02-12
489,61096.0,organización y almacenamiento,percheros,50.0,0.3,0.29,399.0,11.0,3.22,1.0,2.0,42.4,84.8,2019-02-13
514,61096.0,organización y almacenamiento,percheros,50.0,0.3,0.36,833.0,3.0,1.07,0.0,0.0,0.0,0.0,2019-02-14
449,61096.0,organización y almacenamiento,percheros,50.0,0.3,0.3,463.0,12.0,3.61,2.0,4.0,84.8,169.6,2019-02-15
435,61096.0,organización y almacenamiento,percheros,50.0,0.3,0.2,280.0,4.0,0.81,0.0,0.0,0.0,0.0,2019-02-16
487,61096.0,organización y almacenamiento,percheros,50.0,0.3,0.17,343.0,3.0,0.52,0.0,0.0,0.0,0.0,2019-02-17
429,61096.0,organización y almacenamiento,percheros,50.0,0.3,0.28,443.0,3.0,0.83,0.0,0.0,0.0,0.0,2019-02-18
431,61096.0,organización y almacenamiento,percheros,50.0,0.3,0.54,402.0,3.0,1.62,0.0,0.0,0.0,0.0,2019-02-19
445,61096.0,organización y almacenamiento,percheros,50.0,0.3,0.29,773.0,9.0,2.57,0.0,0.0,0.0,0.0,2019-02-20
453,61096.0,organización y almacenamiento,percheros,50.0,0.3,0.25,555.0,4.0,0.99,0.0,0.0,0.0,0.0,2019-02-21
573,61096.0,organización y almacenamiento,percheros,50.0,0.3,0.28,462.0,5.0,1.42,0.0,0.0,0.0,0.0,2019-02-22
533,61096.0,organización y almacenamiento,percheros,50.0,0.3,0.13,258.0,1.0,0.13,0.0,0.0,0.0,0.0,2019-02-23
406,61096.0,organización y almacenamiento,percheros,50.0,0.3,0.26,473.0,3.0,0.77,0.0,0.0,0.0,0.0,2019-02-24
527,61096.0,organización y almacenamiento,percheros,50.0,0.3,0.26,397.0,3.0,0.78,0.0,0.0,0.0,0.0,2019-02-25
436,61096.0,organización y almacenamiento,percheros,50.0,0.3,0.2,552.0,4.0,0.82,0.0,0.0,0.0,0.0,2019-02-26
492,61096.0,organización y almacenamiento,percheros,50.0,0.3,0.19,388.0,4.0,0.77,0.0,0.0,0.0,0.0,2019-02-27
458,61096.0,organización y almacenamiento,percheros,50.0,0.3,0.2,425.0,5.0,1.0,0.0,0.0,0.0,0.0,2019-02-28
410,61096.0,organización y almacenamiento,percheros,50.0,0.3,0.22,298.0,6.0,1.32,0.0,0.0,0.0,0.0,2019-03-01
475,61096.0,organización y almacenamiento,percheros,50.0,0.3,0.16,478.0,5.0,0.8,0.0,0.0,0.0,0.0,2019-03-02
490,61096.0,organización y almacenamiento,percheros,50.0,0.3,0.32,243.0,1.0,0.32,0.0,0.0,0.0,0.0,2019-03-03
497,61096.0,organización y almacenamiento,percheros,50.0,0.3,0.29,262.0,1.0,0.29,0.0,0.0,0.0,0.0,2019-03-04
556,61096.0,organización y almacenamiento,percheros,50.0,0.3,0.22,542.0,5.0,1.11,0.0,0.0,0.0,0.0,2019-03-05
506,61096.0,organización y almacenamiento,percheros,50.0,0.3,0.25,733.0,10.0,2.49,0.0,0.0,0.0,0.0,2019-03-06
478,61096.0,organización y almacenamiento,percheros,50.0,0.3,0.23,398.0,8.0,1.82,0.0,0.0,0.0,0.0,2019-03-07
454,61096.0,organización y almacenamiento,percheros,50.0,0.3,0.22,713.0,10.0,2.17,0.0,0.0,0.0,0.0,2019-03-08
402,61096.0,organización y almacenamiento,percheros,50.0,0.3,0.24,615.0,3.0,0.72,0.0,0.0,0.0,0.0,2019-03-09
525,61096.0,organización y almacenamiento,percheros,50.0,0.3,0.2,573.0,4.0,0.78,0.0,0.0,0.0,0.0,2019-03-10
534,61096.0,organización y almacenamiento,percheros,50.0,0.3,0.22,696.0,10.0,2.25,0.0,0.0,0.0,0.0,2019-03-11
515,61096.0,organización y almacenamiento,percheros,50.0,0.3,0.36,586.0,6.0,2.13,0.98,1.9,49.11,94.84,2019-03-12
689,61096.0,organización y almacenamiento,percheros,50.0,0.0,0.0,0.0,0.0,0.0,0.0,0.0,0.0,0.0,2019-03-13
412,61096.0,organización y almacenamiento,percheros,50.0,0.3,0.18,193.0,4.0,0.73,0.0,0.0,0.0,0.0,2019-03-14
560,61096.0,organización y almacenamiento,percheros,50.0,0.3,0.22,175.0,10.0,2.25,1.0,2.0,49.9,99.8,2019-03-15
401,61096.0,organización y almacenamiento,percheros,50.0,0.3,0.31,1008.0,16.0,4.91,0.0,0.0,0.0,0.0,2019-03-16
460,61096.0,organización y almacenamiento,percheros,50.0,0.3,0.29,982.0,11.0,3.19,0.0,0.0,0.0,0.0,2019-03-17
451,61096.0,organización y almacenamiento,percheros,50.0,0.3,0.26,711.0,10.0,2.61,0.0,0.0,0.0,0.0,2019-03-18
505,61096.0,organización y almacenamiento,percheros,50.0,0.3,0.26,636.0,11.0,2.86,0.0,0.0,0.0,0.0,2019-03-19
421,61096.0,organización y almacenamiento,percheros,50.0,0.3,0.25,631.0,3.0,0.74,0.0,0.0,0.0,0.0,2019-03-20
430,61096.0,organización y almacenamiento,percheros,50.0,0.3,0.28,606.0,7.0,1.94,0.0,0.0,0.0,0.0,2019-03-21
539,61096.0,organización y almacenamiento,percheros,50.0,0.3,0.29,629.0,7.0,2.04,0.0,0.0,0.0,0.0,2019-03-22
575,61096.0,organización y almacenamiento,percheros,50.0,0.3,0.37,571.0,8.0,2.98,0.0,0.0,0.0,0.0,2019-03-23
469,61096.0,organización y almacenamiento,percheros,50.0,0.3,0.24,535.0,6.0,1.45,0.0,0.0,0.0,0.0,2019-03-24
408,61096.0,organización y almacenamiento,percheros,50.0,0.3,0.2,557.0,6.0,1.17,0.5,1.01,72.6,146.97,2019-03-25
464,61096.0,organización y almacenamiento,percheros,50.0,0.3,0.28,431.0,10.0,2.83,0.0,0.0,0.0,0.0,2019-03-26
518,61096.0,organización y almacenamiento,percheros,50.0,0.3,0.31,489.0,6.0,1.85,0.0,0.0,0.0,0.0,2019-03-27
491,61096.0,organización y almacenamiento,percheros,50.0,0.3,0.2,349.0,4.0,0.81,0.0,0.0,0.0,0.0,2019-03-28
432,61096.0,organización y almacenamiento,percheros,50.0,0.3,0.15,254.0,1.0,0.15,0.0,0.0,0.0,0.0,2019-03-29
456,61096.0,organización y almacenamiento,percheros,50.0,0.3,0.12,159.0,1.0,0.12,0.0,0.0,0.0,0.0,2019-03-30
548,61096.0,organización y almacenamiento,percheros,50.0,0.3,0.4,143.0,5.0,2.01,0.0,0.0,0.0,0.0,2019-03-31
