,Reference,Name,Dates,Net_Incomes,Units_Sold
39,122335.0,0,2017-09-02,0.0,0.0
40,122335.0,0,2017-09-03,0.0,0.0
41,122335.0,0,2017-09-04,0.0,0.0
42,122335.0,0,2017-09-05,0.0,0.0
43,122335.0,0,2017-09-06,0.0,0.0
44,122335.0,0,2017-09-07,0.0,0.0
45,122335.0,0,2017-09-08,0.0,0.0
46,122335.0,0,2017-09-09,0.0,0.0
47,122335.0,0,2017-09-10,0.0,0.0
48,122335.0,0,2017-09-11,0.0,0.0
49,122335.0,0,2017-09-12,0.0,0.0
50,122335.0,0,2017-09-13,0.0,0.0
51,122335.0,0,2017-09-14,0.0,0.0
52,122335.0,0,2017-09-15,0.0,0.0
53,122335.0,0,2017-09-16,0.0,0.0
54,122335.0,0,2017-09-17,0.0,0.0
55,122335.0,0,2017-09-18,0.0,0.0
56,122335.0,0,2017-09-19,0.0,0.0
57,122335.0,0,2017-09-20,0.0,0.0
58,122335.0,0,2017-09-21,0.0,0.0
59,122335.0,0,2017-09-22,0.0,0.0
60,122335.0,0,2017-09-23,0.0,0.0
61,122335.0,0,2017-09-24,0.0,0.0
62,122335.0,0,2017-09-25,0.0,0.0
63,122335.0,0,2017-09-26,0.0,0.0
64,122335.0,0,2017-09-27,0.0,0.0
65,122335.0,0,2017-09-28,0.0,0.0
66,122335.0,0,2017-09-29,0.0,0.0
67,122335.0,0,2017-09-30,0.0,0.0
68,122335.0,0,2017-10-01,0.0,0.0
69,122335.0,0,2017-10-02,0.0,0.0
70,122335.0,0,2017-10-03,0.0,0.0
71,122335.0,0,2017-10-04,0.0,0.0
72,122335.0,0,2017-10-05,0.0,0.0
73,122335.0,0,2017-10-06,0.0,0.0
74,122335.0,0,2017-10-07,0.0,0.0
75,122335.0,0,2017-10-08,0.0,0.0
76,122335.0,0,2017-10-09,0.0,0.0
77,122335.0,0,2017-10-10,0.0,0.0
78,122335.0,0,2017-10-11,0.0,0.0
79,122335.0,0,2017-10-12,0.0,0.0
80,122335.0,0,2017-10-13,0.0,0.0
81,122335.0,0,2017-10-14,0.0,0.0
82,122335.0,0,2017-10-15,0.0,0.0
83,122335.0,0,2017-10-16,0.0,0.0
84,122335.0,0,2017-10-17,0.0,0.0
85,122335.0,0,2017-10-18,0.0,0.0
86,122335.0,0,2017-10-19,0.0,0.0
87,122335.0,0,2017-10-20,0.0,0.0
88,122335.0,0,2017-10-21,0.0,0.0
89,122335.0,0,2017-10-22,0.0,0.0
90,122335.0,0,2017-10-23,0.0,0.0
91,122335.0,0,2017-10-24,0.0,0.0
92,122335.0,0,2017-10-25,0.0,0.0
93,122335.0,0,2017-10-26,0.0,0.0
94,122335.0,0,2017-10-27,0.0,0.0
95,122335.0,0,2017-10-28,0.0,0.0
96,122335.0,0,2017-10-29,0.0,0.0
97,122335.0,0,2017-10-30,0.0,0.0
98,122335.0,0,2017-10-31,0.0,0.0
99,122335.0,0,2017-11-01,0.0,0.0
100,122335.0,0,2017-11-02,0.0,0.0
101,122335.0,0,2017-11-03,0.0,0.0
102,122335.0,0,2017-11-04,0.0,0.0
103,122335.0,0,2017-11-05,0.0,0.0
104,122335.0,0,2017-11-06,0.0,0.0
105,122335.0,0,2017-11-07,0.0,0.0
106,122335.0,0,2017-11-08,0.0,0.0
0,122335.0,MESITA DE NOCHE 3 CAJONES,2017-11-09,122.1,2.0
107,122335.0,0,2017-11-10,0.0,0.0
108,122335.0,0,2017-11-11,0.0,0.0
109,122335.0,0,2017-11-12,0.0,0.0
110,122335.0,0,2017-11-13,0.0,0.0
111,122335.0,0,2017-11-14,0.0,0.0
112,122335.0,0,2017-11-15,0.0,0.0
113,122335.0,0,2017-11-16,0.0,0.0
114,122335.0,0,2017-11-17,0.0,0.0
115,122335.0,0,2017-11-18,0.0,0.0
116,122335.0,0,2017-11-19,0.0,0.0
117,122335.0,0,2017-11-20,0.0,0.0
1,122335.0,MESITA DE NOCHE 3 CAJONES,2017-11-21,122.1,2.0
118,122335.0,0,2017-11-22,0.0,0.0
2,122335.0,MESITA DE NOCHE 3 CAJONES,2017-11-23,71.82,1.0
3,122335.0,MESITA DE NOCHE 3 CAJONES,2017-11-24,107.77,2.0
4,122335.0,MESITA DE NOCHE 3 CAJONES,2017-11-25,323.32,6.0
119,122335.0,0,2017-11-26,0.0,0.0
120,122335.0,0,2017-11-27,0.0,0.0
121,122335.0,0,2017-11-28,0.0,0.0
122,122335.0,0,2017-11-29,0.0,0.0
123,122335.0,0,2017-11-30,0.0,0.0
124,122335.0,0,2017-12-01,0.0,0.0
5,122335.0,MESITA DE NOCHE 3 CAJONES,2017-12-02,143.64,2.0
125,122335.0,0,2017-12-03,0.0,0.0
126,122335.0,0,2017-12-04,0.0,0.0
127,122335.0,0,2017-12-05,0.0,0.0
128,122335.0,0,2017-12-06,0.0,0.0
129,122335.0,0,2017-12-07,0.0,0.0
130,122335.0,0,2017-12-08,0.0,0.0
131,122335.0,0,2017-12-09,0.0,0.0
132,122335.0,0,2017-12-10,0.0,0.0
133,122335.0,0,2017-12-11,0.0,0.0
134,122335.0,0,2017-12-12,0.0,0.0
135,122335.0,0,2017-12-13,0.0,0.0
136,122335.0,0,2017-12-14,0.0,0.0
137,122335.0,0,2017-12-15,0.0,0.0
138,122335.0,0,2017-12-16,0.0,0.0
139,122335.0,0,2017-12-17,0.0,0.0
140,122335.0,0,2017-12-18,0.0,0.0
141,122335.0,0,2017-12-19,0.0,0.0
142,122335.0,0,2017-12-20,0.0,0.0
143,122335.0,0,2017-12-21,0.0,0.0
144,122335.0,0,2017-12-22,0.0,0.0
145,122335.0,0,2017-12-23,0.0,0.0
146,122335.0,0,2017-12-24,0.0,0.0
147,122335.0,0,2017-12-25,0.0,0.0
148,122335.0,0,2017-12-26,0.0,0.0
149,122335.0,0,2017-12-27,0.0,0.0
150,122335.0,0,2017-12-28,0.0,0.0
151,122335.0,0,2017-12-29,0.0,0.0
152,122335.0,0,2017-12-30,0.0,0.0
153,122335.0,0,2017-12-31,0.0,0.0
154,122335.0,0,2018-01-01,0.0,0.0
155,122335.0,0,2018-01-02,0.0,0.0
156,122335.0,0,2018-01-03,0.0,0.0
157,122335.0,0,2018-01-04,0.0,0.0
158,122335.0,0,2018-01-05,0.0,0.0
159,122335.0,0,2018-01-06,0.0,0.0
160,122335.0,0,2018-01-07,0.0,0.0
161,122335.0,0,2018-01-08,0.0,0.0
162,122335.0,0,2018-01-09,0.0,0.0
163,122335.0,0,2018-01-10,0.0,0.0
164,122335.0,0,2018-01-11,0.0,0.0
165,122335.0,0,2018-01-12,0.0,0.0
166,122335.0,0,2018-01-13,0.0,0.0
167,122335.0,0,2018-01-14,0.0,0.0
168,122335.0,0,2018-01-15,0.0,0.0
169,122335.0,0,2018-01-16,0.0,0.0
170,122335.0,0,2018-01-17,0.0,0.0
6,122335.0,MESITA DE NOCHE 3 CAJONES,2018-01-18,114.88,2.0
171,122335.0,0,2018-01-19,0.0,0.0
172,122335.0,0,2018-01-20,0.0,0.0
173,122335.0,0,2018-01-21,0.0,0.0
7,122335.0,MESITA DE NOCHE 3 CAJONES,2018-01-22,57.44,1.0
174,122335.0,0,2018-01-23,0.0,0.0
175,122335.0,0,2018-01-24,0.0,0.0
176,122335.0,0,2018-01-25,0.0,0.0
8,122335.0,MESITA DE NOCHE 3 CAJONES,2018-01-26,57.44,1.0
177,122335.0,0,2018-01-27,0.0,0.0
178,122335.0,0,2018-01-28,0.0,0.0
179,122335.0,0,2018-01-29,0.0,0.0
180,122335.0,0,2018-01-30,0.0,0.0
181,122335.0,0,2018-01-31,0.0,0.0
182,122335.0,0,2018-02-01,0.0,0.0
183,122335.0,0,2018-02-02,0.0,0.0
184,122335.0,0,2018-02-03,0.0,0.0
9,122335.0,MESITA DE NOCHE 3 CAJONES,2018-02-04,114.88,2.0
185,122335.0,0,2018-02-05,0.0,0.0
186,122335.0,0,2018-02-06,0.0,0.0
187,122335.0,0,2018-02-07,0.0,0.0
188,122335.0,0,2018-02-08,0.0,0.0
189,122335.0,0,2018-02-09,0.0,0.0
190,122335.0,0,2018-02-10,0.0,0.0
191,122335.0,0,2018-02-11,0.0,0.0
192,122335.0,0,2018-02-12,0.0,0.0
193,122335.0,0,2018-02-13,0.0,0.0
194,122335.0,0,2018-02-14,0.0,0.0
195,122335.0,0,2018-02-15,0.0,0.0
196,122335.0,0,2018-02-16,0.0,0.0
197,122335.0,0,2018-02-17,0.0,0.0
198,122335.0,0,2018-02-18,0.0,0.0
199,122335.0,0,2018-02-19,0.0,0.0
10,122335.0,MESITA DE NOCHE 3 CAJONES,2018-02-20,143.64,2.0
200,122335.0,0,2018-02-21,0.0,0.0
201,122335.0,0,2018-02-22,0.0,0.0
202,122335.0,0,2018-02-23,0.0,0.0
203,122335.0,0,2018-02-24,0.0,0.0
204,122335.0,0,2018-02-25,0.0,0.0
205,122335.0,0,2018-02-26,0.0,0.0
11,122335.0,MESITA DE NOCHE 3 CAJONES,2018-02-27,71.82,1.0
206,122335.0,0,2018-02-28,0.0,0.0
207,122335.0,0,2018-03-01,0.0,0.0
208,122335.0,0,2018-03-02,0.0,0.0
209,122335.0,0,2018-03-03,0.0,0.0
210,122335.0,0,2018-03-04,0.0,0.0
211,122335.0,0,2018-03-05,0.0,0.0
212,122335.0,0,2018-03-06,0.0,0.0
213,122335.0,0,2018-03-07,0.0,0.0
214,122335.0,0,2018-03-08,0.0,0.0
215,122335.0,0,2018-03-09,0.0,0.0
216,122335.0,0,2018-03-10,0.0,0.0
12,122335.0,MESITA DE NOCHE 3 CAJONES,2018-03-11,71.82,1.0
217,122335.0,0,2018-03-12,0.0,0.0
218,122335.0,0,2018-03-13,0.0,0.0
219,122335.0,0,2018-03-14,0.0,0.0
220,122335.0,0,2018-03-15,0.0,0.0
221,122335.0,0,2018-03-16,0.0,0.0
222,122335.0,0,2018-03-17,0.0,0.0
13,122335.0,MESITA DE NOCHE 3 CAJONES,2018-03-18,71.82,1.0
223,122335.0,0,2018-03-19,0.0,0.0
224,122335.0,0,2018-03-20,0.0,0.0
225,122335.0,0,2018-03-21,0.0,0.0
226,122335.0,0,2018-03-22,0.0,0.0
227,122335.0,0,2018-03-23,0.0,0.0
228,122335.0,0,2018-03-24,0.0,0.0
229,122335.0,0,2018-03-25,0.0,0.0
230,122335.0,0,2018-03-26,0.0,0.0
231,122335.0,0,2018-03-27,0.0,0.0
232,122335.0,0,2018-03-28,0.0,0.0
233,122335.0,0,2018-03-29,0.0,0.0
234,122335.0,0,2018-03-30,0.0,0.0
235,122335.0,0,2018-03-31,0.0,0.0
236,122335.0,0,2018-04-01,0.0,0.0
237,122335.0,0,2018-04-02,0.0,0.0
238,122335.0,0,2018-04-03,0.0,0.0
239,122335.0,0,2018-04-04,0.0,0.0
240,122335.0,0,2018-04-05,0.0,0.0
241,122335.0,0,2018-04-06,0.0,0.0
242,122335.0,0,2018-04-07,0.0,0.0
243,122335.0,0,2018-04-08,0.0,0.0
244,122335.0,0,2018-04-09,0.0,0.0
245,122335.0,0,2018-04-10,0.0,0.0
246,122335.0,0,2018-04-11,0.0,0.0
247,122335.0,0,2018-04-12,0.0,0.0
248,122335.0,0,2018-04-13,0.0,0.0
249,122335.0,0,2018-04-14,0.0,0.0
250,122335.0,0,2018-04-15,0.0,0.0
251,122335.0,0,2018-04-16,0.0,0.0
252,122335.0,0,2018-04-17,0.0,0.0
253,122335.0,0,2018-04-18,0.0,0.0
254,122335.0,0,2018-04-19,0.0,0.0
255,122335.0,0,2018-04-20,0.0,0.0
256,122335.0,0,2018-04-21,0.0,0.0
257,122335.0,0,2018-04-22,0.0,0.0
258,122335.0,0,2018-04-23,0.0,0.0
259,122335.0,0,2018-04-24,0.0,0.0
260,122335.0,0,2018-04-25,0.0,0.0
261,122335.0,0,2018-04-26,0.0,0.0
14,122335.0,MESITA DE NOCHE 3 CAJONES,2018-04-27,143.64,2.0
262,122335.0,0,2018-04-28,0.0,0.0
263,122335.0,0,2018-04-29,0.0,0.0
264,122335.0,0,2018-04-30,0.0,0.0
265,122335.0,0,2018-05-01,0.0,0.0
266,122335.0,0,2018-05-02,0.0,0.0
267,122335.0,0,2018-05-03,0.0,0.0
268,122335.0,0,2018-05-04,0.0,0.0
269,122335.0,0,2018-05-05,0.0,0.0
270,122335.0,0,2018-05-06,0.0,0.0
271,122335.0,0,2018-05-07,0.0,0.0
272,122335.0,0,2018-05-08,0.0,0.0
273,122335.0,0,2018-05-09,0.0,0.0
274,122335.0,0,2018-05-10,0.0,0.0
275,122335.0,0,2018-05-11,0.0,0.0
276,122335.0,0,2018-05-12,0.0,0.0
277,122335.0,0,2018-05-13,0.0,0.0
278,122335.0,0,2018-05-14,0.0,0.0
279,122335.0,0,2018-05-15,0.0,0.0
280,122335.0,0,2018-05-16,0.0,0.0
281,122335.0,0,2018-05-17,0.0,0.0
282,122335.0,0,2018-05-18,0.0,0.0
283,122335.0,0,2018-05-19,0.0,0.0
284,122335.0,0,2018-05-20,0.0,0.0
285,122335.0,0,2018-05-21,0.0,0.0
286,122335.0,0,2018-05-22,0.0,0.0
15,122335.0,MESITA DE NOCHE 3 CAJONES,2018-05-23,143.63,2.0
287,122335.0,0,2018-05-24,0.0,0.0
16,122335.0,MESITA DE NOCHE 3 CAJONES,2018-05-25,71.82,1.0
288,122335.0,0,2018-05-26,0.0,0.0
289,122335.0,0,2018-05-27,0.0,0.0
290,122335.0,0,2018-05-28,0.0,0.0
291,122335.0,0,2018-05-29,0.0,0.0
17,122335.0,MESITA DE NOCHE 3 CAJONES,2018-05-30,71.82,1.0
292,122335.0,0,2018-05-31,0.0,0.0
293,122335.0,0,2018-06-01,0.0,0.0
294,122335.0,0,2018-06-02,0.0,0.0
295,122335.0,0,2018-06-03,0.0,0.0
296,122335.0,0,2018-06-04,0.0,0.0
297,122335.0,0,2018-06-05,0.0,0.0
298,122335.0,0,2018-06-06,0.0,0.0
299,122335.0,0,2018-06-07,0.0,0.0
300,122335.0,0,2018-06-08,0.0,0.0
301,122335.0,0,2018-06-09,0.0,0.0
302,122335.0,0,2018-06-10,0.0,0.0
303,122335.0,0,2018-06-11,0.0,0.0
304,122335.0,0,2018-06-12,0.0,0.0
305,122335.0,0,2018-06-13,0.0,0.0
306,122335.0,0,2018-06-14,0.0,0.0
307,122335.0,0,2018-06-15,0.0,0.0
308,122335.0,0,2018-06-16,0.0,0.0
309,122335.0,0,2018-06-17,0.0,0.0
310,122335.0,0,2018-06-18,0.0,0.0
311,122335.0,0,2018-06-19,0.0,0.0
312,122335.0,0,2018-06-20,0.0,0.0
313,122335.0,0,2018-06-21,0.0,0.0
314,122335.0,0,2018-06-22,0.0,0.0
315,122335.0,0,2018-06-23,0.0,0.0
316,122335.0,0,2018-06-24,0.0,0.0
317,122335.0,0,2018-06-25,0.0,0.0
318,122335.0,0,2018-06-26,0.0,0.0
319,122335.0,0,2018-06-27,0.0,0.0
320,122335.0,0,2018-06-28,0.0,0.0
321,122335.0,0,2018-06-29,0.0,0.0
322,122335.0,0,2018-06-30,0.0,0.0
323,122335.0,0,2018-07-01,0.0,0.0
324,122335.0,0,2018-07-02,0.0,0.0
325,122335.0,0,2018-07-03,0.0,0.0
326,122335.0,0,2018-07-04,0.0,0.0
327,122335.0,0,2018-07-05,0.0,0.0
18,122335.0,MESITA DE NOCHE 3 CAJONES,2018-07-06,143.63,2.0
328,122335.0,0,2018-07-07,0.0,0.0
329,122335.0,0,2018-07-08,0.0,0.0
19,122335.0,MESITA DE NOCHE 3 CAJONES,2018-07-09,71.82,1.0
330,122335.0,0,2018-07-10,0.0,0.0
331,122335.0,0,2018-07-11,0.0,0.0
332,122335.0,0,2018-07-12,0.0,0.0
333,122335.0,0,2018-07-13,0.0,0.0
334,122335.0,0,2018-07-14,0.0,0.0
335,122335.0,0,2018-07-15,0.0,0.0
336,122335.0,0,2018-07-16,0.0,0.0
337,122335.0,0,2018-07-17,0.0,0.0
338,122335.0,0,2018-07-18,0.0,0.0
339,122335.0,0,2018-07-19,0.0,0.0
340,122335.0,0,2018-07-20,0.0,0.0
341,122335.0,0,2018-07-21,0.0,0.0
342,122335.0,0,2018-07-22,0.0,0.0
343,122335.0,0,2018-07-23,0.0,0.0
344,122335.0,0,2018-07-24,0.0,0.0
345,122335.0,0,2018-07-25,0.0,0.0
346,122335.0,0,2018-07-26,0.0,0.0
347,122335.0,0,2018-07-27,0.0,0.0
20,122335.0,MESITA DE NOCHE 3 CAJONES,2018-07-28,143.63,2.0
348,122335.0,0,2018-07-29,0.0,0.0
349,122335.0,0,2018-07-30,0.0,0.0
21,122335.0,MESITA DE NOCHE 3 CAJONES,2018-07-31,143.63,2.0
22,122335.0,MESITA DE NOCHE 3 CAJONES,2018-08-01,143.63,2.0
350,122335.0,0,2018-08-02,0.0,0.0
351,122335.0,0,2018-08-03,0.0,0.0
352,122335.0,0,2018-08-04,0.0,0.0
353,122335.0,0,2018-08-05,0.0,0.0
354,122335.0,0,2018-08-06,0.0,0.0
355,122335.0,0,2018-08-07,0.0,0.0
356,122335.0,0,2018-08-08,0.0,0.0
357,122335.0,0,2018-08-09,0.0,0.0
358,122335.0,0,2018-08-10,0.0,0.0
359,122335.0,0,2018-08-11,0.0,0.0
360,122335.0,0,2018-08-12,0.0,0.0
361,122335.0,0,2018-08-13,0.0,0.0
362,122335.0,0,2018-08-14,0.0,0.0
363,122335.0,0,2018-08-15,0.0,0.0
364,122335.0,0,2018-08-16,0.0,0.0
365,122335.0,0,2018-08-17,0.0,0.0
366,122335.0,0,2018-08-18,0.0,0.0
367,122335.0,0,2018-08-19,0.0,0.0
368,122335.0,0,2018-08-20,0.0,0.0
369,122335.0,0,2018-08-21,0.0,0.0
370,122335.0,0,2018-08-22,0.0,0.0
371,122335.0,0,2018-08-23,0.0,0.0
372,122335.0,0,2018-08-24,0.0,0.0
373,122335.0,0,2018-08-25,0.0,0.0
374,122335.0,0,2018-08-26,0.0,0.0
375,122335.0,0,2018-08-27,0.0,0.0
376,122335.0,0,2018-08-28,0.0,0.0
377,122335.0,0,2018-08-29,0.0,0.0
378,122335.0,0,2018-08-30,0.0,0.0
379,122335.0,0,2018-08-31,0.0,0.0
380,122335.0,0,2018-09-01,0.0,0.0
381,122335.0,0,2018-09-02,0.0,0.0
382,122335.0,0,2018-09-03,0.0,0.0
383,122335.0,0,2018-09-04,0.0,0.0
384,122335.0,0,2018-09-05,0.0,0.0
385,122335.0,0,2018-09-06,0.0,0.0
386,122335.0,0,2018-09-07,0.0,0.0
387,122335.0,0,2018-09-08,0.0,0.0
388,122335.0,0,2018-09-09,0.0,0.0
389,122335.0,0,2018-09-10,0.0,0.0
390,122335.0,0,2018-09-11,0.0,0.0
391,122335.0,0,2018-09-12,0.0,0.0
392,122335.0,0,2018-09-13,0.0,0.0
393,122335.0,0,2018-09-14,0.0,0.0
394,122335.0,0,2018-09-15,0.0,0.0
395,122335.0,0,2018-09-16,0.0,0.0
396,122335.0,0,2018-09-17,0.0,0.0
397,122335.0,0,2018-09-18,0.0,0.0
398,122335.0,0,2018-09-19,0.0,0.0
399,122335.0,0,2018-09-20,0.0,0.0
400,122335.0,0,2018-09-21,0.0,0.0
401,122335.0,0,2018-09-22,0.0,0.0
402,122335.0,0,2018-09-23,0.0,0.0
403,122335.0,0,2018-09-24,0.0,0.0
404,122335.0,0,2018-09-25,0.0,0.0
405,122335.0,0,2018-09-26,0.0,0.0
406,122335.0,0,2018-09-27,0.0,0.0
407,122335.0,0,2018-09-28,0.0,0.0
408,122335.0,0,2018-09-29,0.0,0.0
409,122335.0,0,2018-09-30,0.0,0.0
410,122335.0,0,2018-10-01,0.0,0.0
411,122335.0,0,2018-10-02,0.0,0.0
412,122335.0,0,2018-10-03,0.0,0.0
413,122335.0,0,2018-10-04,0.0,0.0
23,122335.0,MESITA DE NOCHE 3 CAJONES,2018-10-05,129.27,2.0
414,122335.0,0,2018-10-06,0.0,0.0
415,122335.0,0,2018-10-07,0.0,0.0
416,122335.0,0,2018-10-08,0.0,0.0
417,122335.0,0,2018-10-09,0.0,0.0
418,122335.0,0,2018-10-10,0.0,0.0
419,122335.0,0,2018-10-11,0.0,0.0
420,122335.0,0,2018-10-12,0.0,0.0
421,122335.0,0,2018-10-13,0.0,0.0
422,122335.0,0,2018-10-14,0.0,0.0
423,122335.0,0,2018-10-15,0.0,0.0
424,122335.0,0,2018-10-16,0.0,0.0
24,122335.0,MESITA DE NOCHE 3 CAJONES,2018-10-17,143.64,2.0
425,122335.0,0,2018-10-18,0.0,0.0
426,122335.0,0,2018-10-19,0.0,0.0
427,122335.0,0,2018-10-20,0.0,0.0
428,122335.0,0,2018-10-21,0.0,0.0
429,122335.0,0,2018-10-22,0.0,0.0
430,122335.0,0,2018-10-23,0.0,0.0
431,122335.0,0,2018-10-24,0.0,0.0
432,122335.0,0,2018-10-25,0.0,0.0
433,122335.0,0,2018-10-26,0.0,0.0
434,122335.0,0,2018-10-27,0.0,0.0
435,122335.0,0,2018-10-28,0.0,0.0
436,122335.0,0,2018-10-29,0.0,0.0
25,122335.0,MESITA DE NOCHE 3 CAJONES,2018-10-30,143.64,2.0
437,122335.0,0,2018-10-31,0.0,0.0
438,122335.0,0,2018-11-01,0.0,0.0
439,122335.0,0,2018-11-02,0.0,0.0
440,122335.0,0,2018-11-03,0.0,0.0
441,122335.0,0,2018-11-04,0.0,0.0
442,122335.0,0,2018-11-05,0.0,0.0
443,122335.0,0,2018-11-06,0.0,0.0
444,122335.0,0,2018-11-07,0.0,0.0
445,122335.0,0,2018-11-08,0.0,0.0
446,122335.0,0,2018-11-09,0.0,0.0
26,122335.0,MESITA DE NOCHE 3 CAJONES,2018-11-10,143.64,2.0
447,122335.0,0,2018-11-11,0.0,0.0
448,122335.0,0,2018-11-12,0.0,0.0
449,122335.0,0,2018-11-13,0.0,0.0
450,122335.0,0,2018-11-14,0.0,0.0
451,122335.0,0,2018-11-15,0.0,0.0
452,122335.0,0,2018-11-16,0.0,0.0
453,122335.0,0,2018-11-17,0.0,0.0
454,122335.0,0,2018-11-18,0.0,0.0
455,122335.0,0,2018-11-19,0.0,0.0
456,122335.0,0,2018-11-20,0.0,0.0
457,122335.0,0,2018-11-21,0.0,0.0
458,122335.0,0,2018-11-22,0.0,0.0
459,122335.0,0,2018-11-23,0.0,0.0
27,122335.0,MESITA DE NOCHE 3 CAJONES,2018-11-24,64.63,1.0
460,122335.0,0,2018-11-25,0.0,0.0
461,122335.0,0,2018-11-26,0.0,0.0
462,122335.0,0,2018-11-27,0.0,0.0
463,122335.0,0,2018-11-28,0.0,0.0
464,122335.0,0,2018-11-29,0.0,0.0
465,122335.0,0,2018-11-30,0.0,0.0
466,122335.0,0,2018-12-01,0.0,0.0
467,122335.0,0,2018-12-02,0.0,0.0
468,122335.0,0,2018-12-03,0.0,0.0
469,122335.0,0,2018-12-04,0.0,0.0
470,122335.0,0,2018-12-05,0.0,0.0
471,122335.0,0,2018-12-06,0.0,0.0
472,122335.0,0,2018-12-07,0.0,0.0
473,122335.0,0,2018-12-08,0.0,0.0
474,122335.0,0,2018-12-09,0.0,0.0
475,122335.0,0,2018-12-10,0.0,0.0
476,122335.0,0,2018-12-11,0.0,0.0
477,122335.0,0,2018-12-12,0.0,0.0
28,122335.0,MESITA DE NOCHE 3 CAJONES,2018-12-13,143.64,2.0
478,122335.0,0,2018-12-14,0.0,0.0
479,122335.0,0,2018-12-15,0.0,0.0
480,122335.0,0,2018-12-16,0.0,0.0
481,122335.0,0,2018-12-17,0.0,0.0
482,122335.0,0,2018-12-18,0.0,0.0
483,122335.0,0,2018-12-19,0.0,0.0
484,122335.0,0,2018-12-20,0.0,0.0
485,122335.0,0,2018-12-21,0.0,0.0
486,122335.0,0,2018-12-22,0.0,0.0
487,122335.0,0,2018-12-23,0.0,0.0
488,122335.0,0,2018-12-24,0.0,0.0
489,122335.0,0,2018-12-25,0.0,0.0
490,122335.0,0,2018-12-26,0.0,0.0
491,122335.0,0,2018-12-27,0.0,0.0
492,122335.0,0,2018-12-28,0.0,0.0
493,122335.0,0,2018-12-29,0.0,0.0
494,122335.0,0,2018-12-30,0.0,0.0
495,122335.0,0,2018-12-31,0.0,0.0
496,122335.0,0,2019-01-01,0.0,0.0
497,122335.0,0,2019-01-02,0.0,0.0
498,122335.0,0,2019-01-03,0.0,0.0
499,122335.0,0,2019-01-04,0.0,0.0
500,122335.0,0,2019-01-05,0.0,0.0
501,122335.0,0,2019-01-06,0.0,0.0
502,122335.0,0,2019-01-07,0.0,0.0
503,122335.0,0,2019-01-08,0.0,0.0
504,122335.0,0,2019-01-09,0.0,0.0
505,122335.0,0,2019-01-10,0.0,0.0
506,122335.0,0,2019-01-11,0.0,0.0
507,122335.0,0,2019-01-12,0.0,0.0
508,122335.0,0,2019-01-13,0.0,0.0
29,122335.0,MESITA DE NOCHE 3 CAJONES,2019-01-14,129.26,2.0
509,122335.0,0,2019-01-15,0.0,0.0
30,122335.0,MESITA DE NOCHE 3 CAJONES,2019-01-16,193.88,3.0
510,122335.0,0,2019-01-17,0.0,0.0
511,122335.0,0,2019-01-18,0.0,0.0
512,122335.0,0,2019-01-19,0.0,0.0
513,122335.0,0,2019-01-20,0.0,0.0
514,122335.0,0,2019-01-21,0.0,0.0
31,122335.0,MESITA DE NOCHE 3 CAJONES,2019-01-22,129.26,2.0
32,122335.0,MESITA DE NOCHE 3 CAJONES,2019-01-23,64.63,1.0
515,122335.0,0,2019-01-24,0.0,0.0
516,122335.0,0,2019-01-25,0.0,0.0
517,122335.0,0,2019-01-26,0.0,0.0
33,122335.0,MESITA DE NOCHE 3 CAJONES,2019-01-27,193.88,3.0
518,122335.0,0,2019-01-28,0.0,0.0
519,122335.0,0,2019-01-29,0.0,0.0
520,122335.0,0,2019-01-30,0.0,0.0
521,122335.0,0,2019-01-31,0.0,0.0
522,122335.0,0,2019-02-01,0.0,0.0
523,122335.0,0,2019-02-02,0.0,0.0
524,122335.0,0,2019-02-03,0.0,0.0
34,122335.0,MESITA DE NOCHE 3 CAJONES,2019-02-04,122.79,2.0
525,122335.0,0,2019-02-05,0.0,0.0
35,122335.0,MESITA DE NOCHE 3 CAJONES,2019-02-06,64.63,1.0
526,122335.0,0,2019-02-07,0.0,0.0
36,122335.0,MESITA DE NOCHE 3 CAJONES,2019-02-08,64.63,1.0
527,122335.0,0,2019-02-09,0.0,0.0
528,122335.0,0,2019-02-10,0.0,0.0
37,122335.0,MESITA DE NOCHE 3 CAJONES,2019-02-11,61.07,1.0
529,122335.0,0,2019-02-12,0.0,0.0
530,122335.0,0,2019-02-13,0.0,0.0
531,122335.0,0,2019-02-14,0.0,0.0
532,122335.0,0,2019-02-15,0.0,0.0
533,122335.0,0,2019-02-16,0.0,0.0
534,122335.0,0,2019-02-17,0.0,0.0
535,122335.0,0,2019-02-18,0.0,0.0
536,122335.0,0,2019-02-19,0.0,0.0
537,122335.0,0,2019-02-20,0.0,0.0
538,122335.0,0,2019-02-21,0.0,0.0
539,122335.0,0,2019-02-22,0.0,0.0
540,122335.0,0,2019-02-23,0.0,0.0
541,122335.0,0,2019-02-24,0.0,0.0
542,122335.0,0,2019-02-25,0.0,0.0
543,122335.0,0,2019-02-26,0.0,0.0
544,122335.0,0,2019-02-27,0.0,0.0
545,122335.0,0,2019-02-28,0.0,0.0
546,122335.0,0,2019-03-01,0.0,0.0
547,122335.0,0,2019-03-02,0.0,0.0
548,122335.0,0,2019-03-03,0.0,0.0
549,122335.0,0,2019-03-04,0.0,0.0
550,122335.0,0,2019-03-05,0.0,0.0
551,122335.0,0,2019-03-06,0.0,0.0
552,122335.0,0,2019-03-07,0.0,0.0
553,122335.0,0,2019-03-08,0.0,0.0
554,122335.0,0,2019-03-09,0.0,0.0
555,122335.0,0,2019-03-10,0.0,0.0
556,122335.0,0,2019-03-11,0.0,0.0
557,122335.0,0,2019-03-12,0.0,0.0
558,122335.0,0,2019-03-13,0.0,0.0
559,122335.0,0,2019-03-14,0.0,0.0
560,122335.0,0,2019-03-15,0.0,0.0
561,122335.0,0,2019-03-16,0.0,0.0
562,122335.0,0,2019-03-17,0.0,0.0
563,122335.0,0,2019-03-18,0.0,0.0
564,122335.0,0,2019-03-19,0.0,0.0
565,122335.0,0,2019-03-20,0.0,0.0
566,122335.0,0,2019-03-21,0.0,0.0
567,122335.0,0,2019-03-22,0.0,0.0
568,122335.0,0,2019-03-23,0.0,0.0
38,122335.0,MESITA DE NOCHE 3 CAJONES,2019-03-24,71.82,1.0
569,122335.0,0,2019-03-25,0.0,0.0
570,122335.0,0,2019-03-26,0.0,0.0
571,122335.0,0,2019-03-27,0.0,0.0
572,122335.0,0,2019-03-28,0.0,0.0
573,122335.0,0,2019-03-29,0.0,0.0
574,122335.0,0,2019-03-30,0.0,0.0
575,122335.0,0,2019-03-31,0.0,0.0
