,Reference,Name,Dates,Net_Incomes,Units_Sold
52,122532.0,0,2017-09-02,0.0,0.0
53,122532.0,0,2017-09-03,0.0,0.0
54,122532.0,0,2017-09-04,0.0,0.0
55,122532.0,0,2017-09-05,0.0,0.0
56,122532.0,0,2017-09-06,0.0,0.0
57,122532.0,0,2017-09-07,0.0,0.0
58,122532.0,0,2017-09-08,0.0,0.0
59,122532.0,0,2017-09-09,0.0,0.0
60,122532.0,0,2017-09-10,0.0,0.0
61,122532.0,0,2017-09-11,0.0,0.0
62,122532.0,0,2017-09-12,0.0,0.0
63,122532.0,0,2017-09-13,0.0,0.0
64,122532.0,0,2017-09-14,0.0,0.0
65,122532.0,0,2017-09-15,0.0,0.0
66,122532.0,0,2017-09-16,0.0,0.0
67,122532.0,0,2017-09-17,0.0,0.0
68,122532.0,0,2017-09-18,0.0,0.0
69,122532.0,0,2017-09-19,0.0,0.0
70,122532.0,0,2017-09-20,0.0,0.0
71,122532.0,0,2017-09-21,0.0,0.0
72,122532.0,0,2017-09-22,0.0,0.0
73,122532.0,0,2017-09-23,0.0,0.0
74,122532.0,0,2017-09-24,0.0,0.0
75,122532.0,0,2017-09-25,0.0,0.0
76,122532.0,0,2017-09-26,0.0,0.0
77,122532.0,0,2017-09-27,0.0,0.0
78,122532.0,0,2017-09-28,0.0,0.0
79,122532.0,0,2017-09-29,0.0,0.0
80,122532.0,0,2017-09-30,0.0,0.0
81,122532.0,0,2017-10-01,0.0,0.0
82,122532.0,0,2017-10-02,0.0,0.0
83,122532.0,0,2017-10-03,0.0,0.0
84,122532.0,0,2017-10-04,0.0,0.0
85,122532.0,0,2017-10-05,0.0,0.0
86,122532.0,0,2017-10-06,0.0,0.0
87,122532.0,0,2017-10-07,0.0,0.0
88,122532.0,0,2017-10-08,0.0,0.0
89,122532.0,0,2017-10-09,0.0,0.0
90,122532.0,0,2017-10-10,0.0,0.0
91,122532.0,0,2017-10-11,0.0,0.0
92,122532.0,0,2017-10-12,0.0,0.0
93,122532.0,0,2017-10-13,0.0,0.0
94,122532.0,0,2017-10-14,0.0,0.0
95,122532.0,0,2017-10-15,0.0,0.0
96,122532.0,0,2017-10-16,0.0,0.0
97,122532.0,0,2017-10-17,0.0,0.0
98,122532.0,0,2017-10-18,0.0,0.0
99,122532.0,0,2017-10-19,0.0,0.0
100,122532.0,0,2017-10-20,0.0,0.0
101,122532.0,0,2017-10-21,0.0,0.0
102,122532.0,0,2017-10-22,0.0,0.0
103,122532.0,0,2017-10-23,0.0,0.0
104,122532.0,0,2017-10-24,0.0,0.0
105,122532.0,0,2017-10-25,0.0,0.0
106,122532.0,0,2017-10-26,0.0,0.0
107,122532.0,0,2017-10-27,0.0,0.0
108,122532.0,0,2017-10-28,0.0,0.0
109,122532.0,0,2017-10-29,0.0,0.0
110,122532.0,0,2017-10-30,0.0,0.0
111,122532.0,0,2017-10-31,0.0,0.0
112,122532.0,0,2017-11-01,0.0,0.0
113,122532.0,0,2017-11-02,0.0,0.0
114,122532.0,0,2017-11-03,0.0,0.0
115,122532.0,0,2017-11-04,0.0,0.0
116,122532.0,0,2017-11-05,0.0,0.0
117,122532.0,0,2017-11-06,0.0,0.0
118,122532.0,0,2017-11-07,0.0,0.0
0,122532.0,ESPEJO DE PIE PLÁSTICO PE BLANCO,2017-11-08,35.05,1.0
1,122532.0,ESPEJO DE PIE PLÁSTICO PE BLANCO,2017-11-09,35.05,1.0
119,122532.0,0,2017-11-10,0.0,0.0
2,122532.0,ESPEJO DE PIE PLÁSTICO PE BLANCO,2017-11-11,41.24,1.0
120,122532.0,0,2017-11-12,0.0,0.0
121,122532.0,0,2017-11-13,0.0,0.0
3,122532.0,ESPEJO DE PIE PLÁSTICO PE BLANCO,2017-11-14,41.24,1.0
122,122532.0,0,2017-11-15,0.0,0.0
4,122532.0,ESPEJO DE PIE PLÁSTICO PE BLANCO,2017-11-16,41.24,1.0
5,122532.0,ESPEJO DE PIE PLÁSTICO PE BLANCO,2017-11-17,35.05,1.0
123,122532.0,0,2017-11-18,0.0,0.0
124,122532.0,0,2017-11-19,0.0,0.0
6,122532.0,ESPEJO DE PIE PLÁSTICO PE BLANCO,2017-11-20,35.05,1.0
125,122532.0,0,2017-11-21,0.0,0.0
126,122532.0,0,2017-11-22,0.0,0.0
7,122532.0,ESPEJO DE PIE PLÁSTICO PE BLANCO,2017-11-23,76.29,2.0
127,122532.0,0,2017-11-24,0.0,0.0
8,122532.0,ESPEJO DE PIE PLÁSTICO PE BLANCO,2017-11-25,35.05,1.0
128,122532.0,0,2017-11-26,0.0,0.0
9,122532.0,ESPEJO DE PIE PLÁSTICO PE BLANCO,2017-11-27,34.35,1.0
129,122532.0,0,2017-11-28,0.0,0.0
130,122532.0,0,2017-11-29,0.0,0.0
131,122532.0,0,2017-11-30,0.0,0.0
132,122532.0,0,2017-12-01,0.0,0.0
133,122532.0,0,2017-12-02,0.0,0.0
134,122532.0,0,2017-12-03,0.0,0.0
135,122532.0,0,2017-12-04,0.0,0.0
136,122532.0,0,2017-12-05,0.0,0.0
137,122532.0,0,2017-12-06,0.0,0.0
138,122532.0,0,2017-12-07,0.0,0.0
139,122532.0,0,2017-12-08,0.0,0.0
10,122532.0,ESPEJO DE PIE PLÁSTICO PE BLANCO,2017-12-09,40.41,1.0
140,122532.0,0,2017-12-10,0.0,0.0
11,122532.0,ESPEJO DE PIE PLÁSTICO PE BLANCO,2017-12-11,80.82,2.0
141,122532.0,0,2017-12-12,0.0,0.0
142,122532.0,0,2017-12-13,0.0,0.0
143,122532.0,0,2017-12-14,0.0,0.0
12,122532.0,ESPEJO DE PIE PLÁSTICO PE BLANCO,2017-12-15,40.42,1.0
144,122532.0,0,2017-12-16,0.0,0.0
145,122532.0,0,2017-12-17,0.0,0.0
13,122532.0,ESPEJO DE PIE PLÁSTICO PE BLANCO,2017-12-18,80.82,2.0
146,122532.0,0,2017-12-19,0.0,0.0
147,122532.0,0,2017-12-20,0.0,0.0
148,122532.0,0,2017-12-21,0.0,0.0
149,122532.0,0,2017-12-22,0.0,0.0
150,122532.0,0,2017-12-23,0.0,0.0
151,122532.0,0,2017-12-24,0.0,0.0
152,122532.0,0,2017-12-25,0.0,0.0
153,122532.0,0,2017-12-26,0.0,0.0
154,122532.0,0,2017-12-27,0.0,0.0
155,122532.0,0,2017-12-28,0.0,0.0
156,122532.0,0,2017-12-29,0.0,0.0
157,122532.0,0,2017-12-30,0.0,0.0
158,122532.0,0,2017-12-31,0.0,0.0
159,122532.0,0,2018-01-01,0.0,0.0
160,122532.0,0,2018-01-02,0.0,0.0
161,122532.0,0,2018-01-03,0.0,0.0
162,122532.0,0,2018-01-04,0.0,0.0
163,122532.0,0,2018-01-05,0.0,0.0
164,122532.0,0,2018-01-06,0.0,0.0
14,122532.0,ESPEJO DE PIE PLÁSTICO PE BLANCO,2018-01-07,32.31,1.0
165,122532.0,0,2018-01-08,0.0,0.0
166,122532.0,0,2018-01-09,0.0,0.0
167,122532.0,0,2018-01-10,0.0,0.0
168,122532.0,0,2018-01-11,0.0,0.0
169,122532.0,0,2018-01-12,0.0,0.0
170,122532.0,0,2018-01-13,0.0,0.0
171,122532.0,0,2018-01-14,0.0,0.0
172,122532.0,0,2018-01-15,0.0,0.0
173,122532.0,0,2018-01-16,0.0,0.0
174,122532.0,0,2018-01-17,0.0,0.0
175,122532.0,0,2018-01-18,0.0,0.0
176,122532.0,0,2018-01-19,0.0,0.0
177,122532.0,0,2018-01-20,0.0,0.0
178,122532.0,0,2018-01-21,0.0,0.0
179,122532.0,0,2018-01-22,0.0,0.0
180,122532.0,0,2018-01-23,0.0,0.0
181,122532.0,0,2018-01-24,0.0,0.0
182,122532.0,0,2018-01-25,0.0,0.0
183,122532.0,0,2018-01-26,0.0,0.0
184,122532.0,0,2018-01-27,0.0,0.0
185,122532.0,0,2018-01-28,0.0,0.0
186,122532.0,0,2018-01-29,0.0,0.0
15,122532.0,ESPEJO DE PIE PLÁSTICO PE BLANCO,2018-01-30,32.31,1.0
187,122532.0,0,2018-01-31,0.0,0.0
16,122532.0,ESPEJO DE PIE PLÁSTICO PE BLANCO,2018-02-01,32.31,1.0
188,122532.0,0,2018-02-02,0.0,0.0
189,122532.0,0,2018-02-03,0.0,0.0
190,122532.0,0,2018-02-04,0.0,0.0
191,122532.0,0,2018-02-05,0.0,0.0
192,122532.0,0,2018-02-06,0.0,0.0
193,122532.0,0,2018-02-07,0.0,0.0
194,122532.0,0,2018-02-08,0.0,0.0
195,122532.0,0,2018-02-09,0.0,0.0
196,122532.0,0,2018-02-10,0.0,0.0
197,122532.0,0,2018-02-11,0.0,0.0
198,122532.0,0,2018-02-12,0.0,0.0
17,122532.0,ESPEJO DE PIE PLÁSTICO PE BLANCO,2018-02-13,30.33,1.0
199,122532.0,0,2018-02-14,0.0,0.0
200,122532.0,0,2018-02-15,0.0,0.0
201,122532.0,0,2018-02-16,0.0,0.0
202,122532.0,0,2018-02-17,0.0,0.0
203,122532.0,0,2018-02-18,0.0,0.0
204,122532.0,0,2018-02-19,0.0,0.0
205,122532.0,0,2018-02-20,0.0,0.0
206,122532.0,0,2018-02-21,0.0,0.0
207,122532.0,0,2018-02-22,0.0,0.0
208,122532.0,0,2018-02-23,0.0,0.0
209,122532.0,0,2018-02-24,0.0,0.0
210,122532.0,0,2018-02-25,0.0,0.0
211,122532.0,0,2018-02-26,0.0,0.0
212,122532.0,0,2018-02-27,0.0,0.0
213,122532.0,0,2018-02-28,0.0,0.0
214,122532.0,0,2018-03-01,0.0,0.0
215,122532.0,0,2018-03-02,0.0,0.0
216,122532.0,0,2018-03-03,0.0,0.0
217,122532.0,0,2018-03-04,0.0,0.0
218,122532.0,0,2018-03-05,0.0,0.0
219,122532.0,0,2018-03-06,0.0,0.0
220,122532.0,0,2018-03-07,0.0,0.0
221,122532.0,0,2018-03-08,0.0,0.0
222,122532.0,0,2018-03-09,0.0,0.0
223,122532.0,0,2018-03-10,0.0,0.0
224,122532.0,0,2018-03-11,0.0,0.0
225,122532.0,0,2018-03-12,0.0,0.0
226,122532.0,0,2018-03-13,0.0,0.0
227,122532.0,0,2018-03-14,0.0,0.0
228,122532.0,0,2018-03-15,0.0,0.0
229,122532.0,0,2018-03-16,0.0,0.0
230,122532.0,0,2018-03-17,0.0,0.0
231,122532.0,0,2018-03-18,0.0,0.0
232,122532.0,0,2018-03-19,0.0,0.0
233,122532.0,0,2018-03-20,0.0,0.0
234,122532.0,0,2018-03-21,0.0,0.0
235,122532.0,0,2018-03-22,0.0,0.0
236,122532.0,0,2018-03-23,0.0,0.0
237,122532.0,0,2018-03-24,0.0,0.0
238,122532.0,0,2018-03-25,0.0,0.0
239,122532.0,0,2018-03-26,0.0,0.0
240,122532.0,0,2018-03-27,0.0,0.0
241,122532.0,0,2018-03-28,0.0,0.0
242,122532.0,0,2018-03-29,0.0,0.0
243,122532.0,0,2018-03-30,0.0,0.0
244,122532.0,0,2018-03-31,0.0,0.0
245,122532.0,0,2018-04-01,0.0,0.0
246,122532.0,0,2018-04-02,0.0,0.0
247,122532.0,0,2018-04-03,0.0,0.0
248,122532.0,0,2018-04-04,0.0,0.0
249,122532.0,0,2018-04-05,0.0,0.0
250,122532.0,0,2018-04-06,0.0,0.0
251,122532.0,0,2018-04-07,0.0,0.0
18,122532.0,ESPEJO DE PIE PLÁSTICO PE BLANCO,2018-04-08,40.41,1.0
252,122532.0,0,2018-04-09,0.0,0.0
253,122532.0,0,2018-04-10,0.0,0.0
254,122532.0,0,2018-04-11,0.0,0.0
255,122532.0,0,2018-04-12,0.0,0.0
256,122532.0,0,2018-04-13,0.0,0.0
257,122532.0,0,2018-04-14,0.0,0.0
258,122532.0,0,2018-04-15,0.0,0.0
259,122532.0,0,2018-04-16,0.0,0.0
260,122532.0,0,2018-04-17,0.0,0.0
261,122532.0,0,2018-04-18,0.0,0.0
262,122532.0,0,2018-04-19,0.0,0.0
263,122532.0,0,2018-04-20,0.0,0.0
264,122532.0,0,2018-04-21,0.0,0.0
265,122532.0,0,2018-04-22,0.0,0.0
266,122532.0,0,2018-04-23,0.0,0.0
267,122532.0,0,2018-04-24,0.0,0.0
268,122532.0,0,2018-04-25,0.0,0.0
269,122532.0,0,2018-04-26,0.0,0.0
270,122532.0,0,2018-04-27,0.0,0.0
271,122532.0,0,2018-04-28,0.0,0.0
272,122532.0,0,2018-04-29,0.0,0.0
273,122532.0,0,2018-04-30,0.0,0.0
274,122532.0,0,2018-05-01,0.0,0.0
275,122532.0,0,2018-05-02,0.0,0.0
276,122532.0,0,2018-05-03,0.0,0.0
277,122532.0,0,2018-05-04,0.0,0.0
278,122532.0,0,2018-05-05,0.0,0.0
279,122532.0,0,2018-05-06,0.0,0.0
280,122532.0,0,2018-05-07,0.0,0.0
281,122532.0,0,2018-05-08,0.0,0.0
282,122532.0,0,2018-05-09,0.0,0.0
283,122532.0,0,2018-05-10,0.0,0.0
284,122532.0,0,2018-05-11,0.0,0.0
285,122532.0,0,2018-05-12,0.0,0.0
286,122532.0,0,2018-05-13,0.0,0.0
287,122532.0,0,2018-05-14,0.0,0.0
288,122532.0,0,2018-05-15,0.0,0.0
289,122532.0,0,2018-05-16,0.0,0.0
290,122532.0,0,2018-05-17,0.0,0.0
291,122532.0,0,2018-05-18,0.0,0.0
292,122532.0,0,2018-05-19,0.0,0.0
293,122532.0,0,2018-05-20,0.0,0.0
294,122532.0,0,2018-05-21,0.0,0.0
295,122532.0,0,2018-05-22,0.0,0.0
296,122532.0,0,2018-05-23,0.0,0.0
297,122532.0,0,2018-05-24,0.0,0.0
298,122532.0,0,2018-05-25,0.0,0.0
299,122532.0,0,2018-05-26,0.0,0.0
300,122532.0,0,2018-05-27,0.0,0.0
301,122532.0,0,2018-05-28,0.0,0.0
302,122532.0,0,2018-05-29,0.0,0.0
303,122532.0,0,2018-05-30,0.0,0.0
304,122532.0,0,2018-05-31,0.0,0.0
305,122532.0,0,2018-06-01,0.0,0.0
306,122532.0,0,2018-06-02,0.0,0.0
307,122532.0,0,2018-06-03,0.0,0.0
308,122532.0,0,2018-06-04,0.0,0.0
309,122532.0,0,2018-06-05,0.0,0.0
310,122532.0,0,2018-06-06,0.0,0.0
311,122532.0,0,2018-06-07,0.0,0.0
312,122532.0,0,2018-06-08,0.0,0.0
313,122532.0,0,2018-06-09,0.0,0.0
314,122532.0,0,2018-06-10,0.0,0.0
315,122532.0,0,2018-06-11,0.0,0.0
316,122532.0,0,2018-06-12,0.0,0.0
317,122532.0,0,2018-06-13,0.0,0.0
318,122532.0,0,2018-06-14,0.0,0.0
319,122532.0,0,2018-06-15,0.0,0.0
320,122532.0,0,2018-06-16,0.0,0.0
321,122532.0,0,2018-06-17,0.0,0.0
322,122532.0,0,2018-06-18,0.0,0.0
323,122532.0,0,2018-06-19,0.0,0.0
324,122532.0,0,2018-06-20,0.0,0.0
325,122532.0,0,2018-06-21,0.0,0.0
326,122532.0,0,2018-06-22,0.0,0.0
327,122532.0,0,2018-06-23,0.0,0.0
328,122532.0,0,2018-06-24,0.0,0.0
19,122532.0,ESPEJO DE PIE PLÁSTICO PE BLANCO,2018-06-25,40.41,1.0
329,122532.0,0,2018-06-26,0.0,0.0
330,122532.0,0,2018-06-27,0.0,0.0
331,122532.0,0,2018-06-28,0.0,0.0
332,122532.0,0,2018-06-29,0.0,0.0
333,122532.0,0,2018-06-30,0.0,0.0
334,122532.0,0,2018-07-01,0.0,0.0
335,122532.0,0,2018-07-02,0.0,0.0
336,122532.0,0,2018-07-03,0.0,0.0
337,122532.0,0,2018-07-04,0.0,0.0
338,122532.0,0,2018-07-05,0.0,0.0
339,122532.0,0,2018-07-06,0.0,0.0
340,122532.0,0,2018-07-07,0.0,0.0
341,122532.0,0,2018-07-08,0.0,0.0
342,122532.0,0,2018-07-09,0.0,0.0
343,122532.0,0,2018-07-10,0.0,0.0
344,122532.0,0,2018-07-11,0.0,0.0
345,122532.0,0,2018-07-12,0.0,0.0
346,122532.0,0,2018-07-13,0.0,0.0
347,122532.0,0,2018-07-14,0.0,0.0
348,122532.0,0,2018-07-15,0.0,0.0
349,122532.0,0,2018-07-16,0.0,0.0
350,122532.0,0,2018-07-17,0.0,0.0
20,122532.0,ESPEJO DE PIE PLÁSTICO PE BLANCO,2018-07-18,40.41,1.0
351,122532.0,0,2018-07-19,0.0,0.0
352,122532.0,0,2018-07-20,0.0,0.0
353,122532.0,0,2018-07-21,0.0,0.0
354,122532.0,0,2018-07-22,0.0,0.0
355,122532.0,0,2018-07-23,0.0,0.0
356,122532.0,0,2018-07-24,0.0,0.0
357,122532.0,0,2018-07-25,0.0,0.0
358,122532.0,0,2018-07-26,0.0,0.0
359,122532.0,0,2018-07-27,0.0,0.0
360,122532.0,0,2018-07-28,0.0,0.0
361,122532.0,0,2018-07-29,0.0,0.0
362,122532.0,0,2018-07-30,0.0,0.0
363,122532.0,0,2018-07-31,0.0,0.0
364,122532.0,0,2018-08-01,0.0,0.0
365,122532.0,0,2018-08-02,0.0,0.0
366,122532.0,0,2018-08-03,0.0,0.0
367,122532.0,0,2018-08-04,0.0,0.0
368,122532.0,0,2018-08-05,0.0,0.0
21,122532.0,ESPEJO DE PIE PLÁSTICO PE BLANCO,2018-08-06,40.41,1.0
369,122532.0,0,2018-08-07,0.0,0.0
370,122532.0,0,2018-08-08,0.0,0.0
371,122532.0,0,2018-08-09,0.0,0.0
372,122532.0,0,2018-08-10,0.0,0.0
373,122532.0,0,2018-08-11,0.0,0.0
374,122532.0,0,2018-08-12,0.0,0.0
22,122532.0,ESPEJO DE PIE PLÁSTICO PE BLANCO,2018-08-13,40.42,1.0
23,122532.0,ESPEJO DE PIE PLÁSTICO PE BLANCO,2018-08-14,40.41,1.0
24,122532.0,ESPEJO DE PIE PLÁSTICO PE BLANCO,2018-08-15,40.41,1.0
375,122532.0,0,2018-08-16,0.0,0.0
376,122532.0,0,2018-08-17,0.0,0.0
25,122532.0,ESPEJO DE PIE PLÁSTICO PE BLANCO,2018-08-18,40.41,1.0
377,122532.0,0,2018-08-19,0.0,0.0
26,122532.0,ESPEJO DE PIE PLÁSTICO PE BLANCO,2018-08-20,40.41,1.0
378,122532.0,0,2018-08-21,0.0,0.0
379,122532.0,0,2018-08-22,0.0,0.0
380,122532.0,0,2018-08-23,0.0,0.0
27,122532.0,ESPEJO DE PIE PLÁSTICO PE BLANCO,2018-08-24,40.42,1.0
28,122532.0,ESPEJO DE PIE PLÁSTICO PE BLANCO,2018-08-25,40.41,1.0
381,122532.0,0,2018-08-26,0.0,0.0
382,122532.0,0,2018-08-27,0.0,0.0
383,122532.0,0,2018-08-28,0.0,0.0
384,122532.0,0,2018-08-29,0.0,0.0
385,122532.0,0,2018-08-30,0.0,0.0
386,122532.0,0,2018-08-31,0.0,0.0
387,122532.0,0,2018-09-01,0.0,0.0
388,122532.0,0,2018-09-02,0.0,0.0
389,122532.0,0,2018-09-03,0.0,0.0
390,122532.0,0,2018-09-04,0.0,0.0
391,122532.0,0,2018-09-05,0.0,0.0
392,122532.0,0,2018-09-06,0.0,0.0
393,122532.0,0,2018-09-07,0.0,0.0
394,122532.0,0,2018-09-08,0.0,0.0
395,122532.0,0,2018-09-09,0.0,0.0
396,122532.0,0,2018-09-10,0.0,0.0
397,122532.0,0,2018-09-11,0.0,0.0
398,122532.0,0,2018-09-12,0.0,0.0
399,122532.0,0,2018-09-13,0.0,0.0
400,122532.0,0,2018-09-14,0.0,0.0
401,122532.0,0,2018-09-15,0.0,0.0
29,122532.0,ESPEJO DE PIE PLÁSTICO PE BLANCO,2018-09-16,40.41,1.0
402,122532.0,0,2018-09-17,0.0,0.0
30,122532.0,ESPEJO DE PIE PLÁSTICO PE BLANCO,2018-09-18,40.41,1.0
403,122532.0,0,2018-09-19,0.0,0.0
31,122532.0,ESPEJO DE PIE PLÁSTICO PE BLANCO,2018-09-20,36.37,1.0
404,122532.0,0,2018-09-21,0.0,0.0
405,122532.0,0,2018-09-22,0.0,0.0
406,122532.0,0,2018-09-23,0.0,0.0
407,122532.0,0,2018-09-24,0.0,0.0
32,122532.0,ESPEJO DE PIE PLÁSTICO PE BLANCO,2018-09-25,36.37,1.0
408,122532.0,0,2018-09-26,0.0,0.0
409,122532.0,0,2018-09-27,0.0,0.0
410,122532.0,0,2018-09-28,0.0,0.0
411,122532.0,0,2018-09-29,0.0,0.0
412,122532.0,0,2018-09-30,0.0,0.0
33,122532.0,ESPEJO DE PIE PLÁSTICO PE BLANCO,2018-10-01,76.79,2.0
413,122532.0,0,2018-10-02,0.0,0.0
414,122532.0,0,2018-10-03,0.0,0.0
415,122532.0,0,2018-10-04,0.0,0.0
416,122532.0,0,2018-10-05,0.0,0.0
417,122532.0,0,2018-10-06,0.0,0.0
418,122532.0,0,2018-10-07,0.0,0.0
419,122532.0,0,2018-10-08,0.0,0.0
420,122532.0,0,2018-10-09,0.0,0.0
421,122532.0,0,2018-10-10,0.0,0.0
422,122532.0,0,2018-10-11,0.0,0.0
34,122532.0,ESPEJO DE PIE PLÁSTICO PE BLANCO,2018-10-12,40.42,1.0
423,122532.0,0,2018-10-13,0.0,0.0
424,122532.0,0,2018-10-14,0.0,0.0
425,122532.0,0,2018-10-15,0.0,0.0
426,122532.0,0,2018-10-16,0.0,0.0
427,122532.0,0,2018-10-17,0.0,0.0
428,122532.0,0,2018-10-18,0.0,0.0
429,122532.0,0,2018-10-19,0.0,0.0
430,122532.0,0,2018-10-20,0.0,0.0
431,122532.0,0,2018-10-21,0.0,0.0
432,122532.0,0,2018-10-22,0.0,0.0
433,122532.0,0,2018-10-23,0.0,0.0
434,122532.0,0,2018-10-24,0.0,0.0
35,122532.0,ESPEJO DE PIE PLÁSTICO PE BLANCO,2018-10-25,80.82,2.0
435,122532.0,0,2018-10-26,0.0,0.0
436,122532.0,0,2018-10-27,0.0,0.0
437,122532.0,0,2018-10-28,0.0,0.0
438,122532.0,0,2018-10-29,0.0,0.0
439,122532.0,0,2018-10-30,0.0,0.0
36,122532.0,ESPEJO DE PIE PLÁSTICO PE BLANCO,2018-10-31,40.41,1.0
440,122532.0,0,2018-11-01,0.0,0.0
441,122532.0,0,2018-11-02,0.0,0.0
442,122532.0,0,2018-11-03,0.0,0.0
443,122532.0,0,2018-11-04,0.0,0.0
444,122532.0,0,2018-11-05,0.0,0.0
445,122532.0,0,2018-11-06,0.0,0.0
446,122532.0,0,2018-11-07,0.0,0.0
447,122532.0,0,2018-11-08,0.0,0.0
448,122532.0,0,2018-11-09,0.0,0.0
449,122532.0,0,2018-11-10,0.0,0.0
450,122532.0,0,2018-11-11,0.0,0.0
451,122532.0,0,2018-11-12,0.0,0.0
452,122532.0,0,2018-11-13,0.0,0.0
453,122532.0,0,2018-11-14,0.0,0.0
454,122532.0,0,2018-11-15,0.0,0.0
455,122532.0,0,2018-11-16,0.0,0.0
456,122532.0,0,2018-11-17,0.0,0.0
457,122532.0,0,2018-11-18,0.0,0.0
458,122532.0,0,2018-11-19,0.0,0.0
459,122532.0,0,2018-11-20,0.0,0.0
460,122532.0,0,2018-11-21,0.0,0.0
461,122532.0,0,2018-11-22,0.0,0.0
37,122532.0,ESPEJO DE PIE PLÁSTICO PE BLANCO,2018-11-23,32.73,1.0
38,122532.0,ESPEJO DE PIE PLÁSTICO PE BLANCO,2018-11-24,36.36,1.0
39,122532.0,ESPEJO DE PIE PLÁSTICO PE BLANCO,2018-11-25,36.36,1.0
462,122532.0,0,2018-11-26,0.0,0.0
463,122532.0,0,2018-11-27,0.0,0.0
464,122532.0,0,2018-11-28,0.0,0.0
465,122532.0,0,2018-11-29,0.0,0.0
40,122532.0,ESPEJO DE PIE PLÁSTICO PE BLANCO,2018-11-30,40.42,1.0
466,122532.0,0,2018-12-01,0.0,0.0
467,122532.0,0,2018-12-02,0.0,0.0
468,122532.0,0,2018-12-03,0.0,0.0
469,122532.0,0,2018-12-04,0.0,0.0
470,122532.0,0,2018-12-05,0.0,0.0
471,122532.0,0,2018-12-06,0.0,0.0
472,122532.0,0,2018-12-07,0.0,0.0
473,122532.0,0,2018-12-08,0.0,0.0
474,122532.0,0,2018-12-09,0.0,0.0
475,122532.0,0,2018-12-10,0.0,0.0
476,122532.0,0,2018-12-11,0.0,0.0
477,122532.0,0,2018-12-12,0.0,0.0
478,122532.0,0,2018-12-13,0.0,0.0
479,122532.0,0,2018-12-14,0.0,0.0
480,122532.0,0,2018-12-15,0.0,0.0
481,122532.0,0,2018-12-16,0.0,0.0
41,122532.0,ESPEJO DE PIE PLÁSTICO PE BLANCO,2018-12-17,202.06,5.0
482,122532.0,0,2018-12-18,0.0,0.0
483,122532.0,0,2018-12-19,0.0,0.0
484,122532.0,0,2018-12-20,0.0,0.0
485,122532.0,0,2018-12-21,0.0,0.0
486,122532.0,0,2018-12-22,0.0,0.0
487,122532.0,0,2018-12-23,0.0,0.0
42,122532.0,ESPEJO DE PIE PLÁSTICO PE BLANCO,2018-12-24,40.41,1.0
488,122532.0,0,2018-12-25,0.0,0.0
489,122532.0,0,2018-12-26,0.0,0.0
490,122532.0,0,2018-12-27,0.0,0.0
491,122532.0,0,2018-12-28,0.0,0.0
492,122532.0,0,2018-12-29,0.0,0.0
493,122532.0,0,2018-12-30,0.0,0.0
494,122532.0,0,2018-12-31,0.0,0.0
495,122532.0,0,2019-01-01,0.0,0.0
496,122532.0,0,2019-01-02,0.0,0.0
497,122532.0,0,2019-01-03,0.0,0.0
498,122532.0,0,2019-01-04,0.0,0.0
499,122532.0,0,2019-01-05,0.0,0.0
500,122532.0,0,2019-01-06,0.0,0.0
501,122532.0,0,2019-01-07,0.0,0.0
43,122532.0,ESPEJO DE PIE PLÁSTICO PE BLANCO,2019-01-08,36.36,1.0
44,122532.0,ESPEJO DE PIE PLÁSTICO PE BLANCO,2019-01-09,36.36,1.0
502,122532.0,0,2019-01-10,0.0,0.0
503,122532.0,0,2019-01-11,0.0,0.0
504,122532.0,0,2019-01-12,0.0,0.0
505,122532.0,0,2019-01-13,0.0,0.0
506,122532.0,0,2019-01-14,0.0,0.0
507,122532.0,0,2019-01-15,0.0,0.0
508,122532.0,0,2019-01-16,0.0,0.0
509,122532.0,0,2019-01-17,0.0,0.0
510,122532.0,0,2019-01-18,0.0,0.0
511,122532.0,0,2019-01-19,0.0,0.0
512,122532.0,0,2019-01-20,0.0,0.0
513,122532.0,0,2019-01-21,0.0,0.0
45,122532.0,ESPEJO DE PIE PLÁSTICO PE BLANCO,2019-01-22,72.72,2.0
514,122532.0,0,2019-01-23,0.0,0.0
515,122532.0,0,2019-01-24,0.0,0.0
516,122532.0,0,2019-01-25,0.0,0.0
517,122532.0,0,2019-01-26,0.0,0.0
518,122532.0,0,2019-01-27,0.0,0.0
46,122532.0,ESPEJO DE PIE PLÁSTICO PE BLANCO,2019-01-28,36.36,1.0
519,122532.0,0,2019-01-29,0.0,0.0
47,122532.0,ESPEJO DE PIE PLÁSTICO PE BLANCO,2019-01-30,36.36,1.0
520,122532.0,0,2019-01-31,0.0,0.0
521,122532.0,0,2019-02-01,0.0,0.0
522,122532.0,0,2019-02-02,0.0,0.0
48,122532.0,ESPEJO DE PIE PLÁSTICO PE BLANCO,2019-02-03,36.36,1.0
523,122532.0,0,2019-02-04,0.0,0.0
524,122532.0,0,2019-02-05,0.0,0.0
525,122532.0,0,2019-02-06,0.0,0.0
526,122532.0,0,2019-02-07,0.0,0.0
527,122532.0,0,2019-02-08,0.0,0.0
528,122532.0,0,2019-02-09,0.0,0.0
529,122532.0,0,2019-02-10,0.0,0.0
530,122532.0,0,2019-02-11,0.0,0.0
531,122532.0,0,2019-02-12,0.0,0.0
532,122532.0,0,2019-02-13,0.0,0.0
533,122532.0,0,2019-02-14,0.0,0.0
534,122532.0,0,2019-02-15,0.0,0.0
535,122532.0,0,2019-02-16,0.0,0.0
536,122532.0,0,2019-02-17,0.0,0.0
537,122532.0,0,2019-02-18,0.0,0.0
538,122532.0,0,2019-02-19,0.0,0.0
49,122532.0,ESPEJO DE PIE PLÁSTICO PE BLANCO,2019-02-20,34.38,1.0
539,122532.0,0,2019-02-21,0.0,0.0
540,122532.0,0,2019-02-22,0.0,0.0
541,122532.0,0,2019-02-23,0.0,0.0
542,122532.0,0,2019-02-24,0.0,0.0
543,122532.0,0,2019-02-25,0.0,0.0
544,122532.0,0,2019-02-26,0.0,0.0
545,122532.0,0,2019-02-27,0.0,0.0
546,122532.0,0,2019-02-28,0.0,0.0
547,122532.0,0,2019-03-01,0.0,0.0
548,122532.0,0,2019-03-02,0.0,0.0
549,122532.0,0,2019-03-03,0.0,0.0
550,122532.0,0,2019-03-04,0.0,0.0
551,122532.0,0,2019-03-05,0.0,0.0
552,122532.0,0,2019-03-06,0.0,0.0
553,122532.0,0,2019-03-07,0.0,0.0
554,122532.0,0,2019-03-08,0.0,0.0
555,122532.0,0,2019-03-09,0.0,0.0
556,122532.0,0,2019-03-10,0.0,0.0
557,122532.0,0,2019-03-11,0.0,0.0
558,122532.0,0,2019-03-12,0.0,0.0
50,122532.0,ESPEJO DE PIE PLÁSTICO PE BLANCO,2019-03-13,40.41,1.0
559,122532.0,0,2019-03-14,0.0,0.0
560,122532.0,0,2019-03-15,0.0,0.0
561,122532.0,0,2019-03-16,0.0,0.0
562,122532.0,0,2019-03-17,0.0,0.0
563,122532.0,0,2019-03-18,0.0,0.0
564,122532.0,0,2019-03-19,0.0,0.0
565,122532.0,0,2019-03-20,0.0,0.0
566,122532.0,0,2019-03-21,0.0,0.0
567,122532.0,0,2019-03-22,0.0,0.0
568,122532.0,0,2019-03-23,0.0,0.0
569,122532.0,0,2019-03-24,0.0,0.0
570,122532.0,0,2019-03-25,0.0,0.0
571,122532.0,0,2019-03-26,0.0,0.0
572,122532.0,0,2019-03-27,0.0,0.0
51,122532.0,ESPEJO DE PIE PLÁSTICO PE BLANCO,2019-03-28,40.41,1.0
573,122532.0,0,2019-03-29,0.0,0.0
574,122532.0,0,2019-03-30,0.0,0.0
575,122532.0,0,2019-03-31,0.0,0.0
