,Reference,Name,Dates,Net_Incomes,Units_Sold
41,123760.0,0,2017-09-02,0.0,0.0
42,123760.0,0,2017-09-03,0.0,0.0
43,123760.0,0,2017-09-04,0.0,0.0
44,123760.0,0,2017-09-05,0.0,0.0
45,123760.0,0,2017-09-06,0.0,0.0
46,123760.0,0,2017-09-07,0.0,0.0
47,123760.0,0,2017-09-08,0.0,0.0
48,123760.0,0,2017-09-09,0.0,0.0
49,123760.0,0,2017-09-10,0.0,0.0
50,123760.0,0,2017-09-11,0.0,0.0
51,123760.0,0,2017-09-12,0.0,0.0
52,123760.0,0,2017-09-13,0.0,0.0
53,123760.0,0,2017-09-14,0.0,0.0
54,123760.0,0,2017-09-15,0.0,0.0
55,123760.0,0,2017-09-16,0.0,0.0
56,123760.0,0,2017-09-17,0.0,0.0
57,123760.0,0,2017-09-18,0.0,0.0
58,123760.0,0,2017-09-19,0.0,0.0
59,123760.0,0,2017-09-20,0.0,0.0
60,123760.0,0,2017-09-21,0.0,0.0
61,123760.0,0,2017-09-22,0.0,0.0
62,123760.0,0,2017-09-23,0.0,0.0
63,123760.0,0,2017-09-24,0.0,0.0
64,123760.0,0,2017-09-25,0.0,0.0
65,123760.0,0,2017-09-26,0.0,0.0
66,123760.0,0,2017-09-27,0.0,0.0
67,123760.0,0,2017-09-28,0.0,0.0
68,123760.0,0,2017-09-29,0.0,0.0
69,123760.0,0,2017-09-30,0.0,0.0
70,123760.0,0,2017-10-01,0.0,0.0
71,123760.0,0,2017-10-02,0.0,0.0
72,123760.0,0,2017-10-03,0.0,0.0
73,123760.0,0,2017-10-04,0.0,0.0
74,123760.0,0,2017-10-05,0.0,0.0
75,123760.0,0,2017-10-06,0.0,0.0
76,123760.0,0,2017-10-07,0.0,0.0
77,123760.0,0,2017-10-08,0.0,0.0
78,123760.0,0,2017-10-09,0.0,0.0
79,123760.0,0,2017-10-10,0.0,0.0
80,123760.0,0,2017-10-11,0.0,0.0
81,123760.0,0,2017-10-12,0.0,0.0
82,123760.0,0,2017-10-13,0.0,0.0
83,123760.0,0,2017-10-14,0.0,0.0
84,123760.0,0,2017-10-15,0.0,0.0
85,123760.0,0,2017-10-16,0.0,0.0
86,123760.0,0,2017-10-17,0.0,0.0
87,123760.0,0,2017-10-18,0.0,0.0
88,123760.0,0,2017-10-19,0.0,0.0
89,123760.0,0,2017-10-20,0.0,0.0
90,123760.0,0,2017-10-21,0.0,0.0
91,123760.0,0,2017-10-22,0.0,0.0
92,123760.0,0,2017-10-23,0.0,0.0
93,123760.0,0,2017-10-24,0.0,0.0
94,123760.0,0,2017-10-25,0.0,0.0
95,123760.0,0,2017-10-26,0.0,0.0
96,123760.0,0,2017-10-27,0.0,0.0
97,123760.0,0,2017-10-28,0.0,0.0
98,123760.0,0,2017-10-29,0.0,0.0
99,123760.0,0,2017-10-30,0.0,0.0
100,123760.0,0,2017-10-31,0.0,0.0
101,123760.0,0,2017-11-01,0.0,0.0
102,123760.0,0,2017-11-02,0.0,0.0
103,123760.0,0,2017-11-03,0.0,0.0
104,123760.0,0,2017-11-04,0.0,0.0
105,123760.0,0,2017-11-05,0.0,0.0
106,123760.0,0,2017-11-06,0.0,0.0
107,123760.0,0,2017-11-07,0.0,0.0
108,123760.0,0,2017-11-08,0.0,0.0
109,123760.0,0,2017-11-09,0.0,0.0
110,123760.0,0,2017-11-10,0.0,0.0
111,123760.0,0,2017-11-11,0.0,0.0
112,123760.0,0,2017-11-12,0.0,0.0
113,123760.0,0,2017-11-13,0.0,0.0
114,123760.0,0,2017-11-14,0.0,0.0
115,123760.0,0,2017-11-15,0.0,0.0
116,123760.0,0,2017-11-16,0.0,0.0
117,123760.0,0,2017-11-17,0.0,0.0
118,123760.0,0,2017-11-18,0.0,0.0
119,123760.0,0,2017-11-19,0.0,0.0
120,123760.0,0,2017-11-20,0.0,0.0
121,123760.0,0,2017-11-21,0.0,0.0
122,123760.0,0,2017-11-22,0.0,0.0
123,123760.0,0,2017-11-23,0.0,0.0
124,123760.0,0,2017-11-24,0.0,0.0
125,123760.0,0,2017-11-25,0.0,0.0
126,123760.0,0,2017-11-26,0.0,0.0
127,123760.0,0,2017-11-27,0.0,0.0
128,123760.0,0,2017-11-28,0.0,0.0
129,123760.0,0,2017-11-29,0.0,0.0
130,123760.0,0,2017-11-30,0.0,0.0
131,123760.0,0,2017-12-01,0.0,0.0
132,123760.0,0,2017-12-02,0.0,0.0
133,123760.0,0,2017-12-03,0.0,0.0
134,123760.0,0,2017-12-04,0.0,0.0
135,123760.0,0,2017-12-05,0.0,0.0
136,123760.0,0,2017-12-06,0.0,0.0
137,123760.0,0,2017-12-07,0.0,0.0
138,123760.0,0,2017-12-08,0.0,0.0
139,123760.0,0,2017-12-09,0.0,0.0
140,123760.0,0,2017-12-10,0.0,0.0
141,123760.0,0,2017-12-11,0.0,0.0
142,123760.0,0,2017-12-12,0.0,0.0
143,123760.0,0,2017-12-13,0.0,0.0
144,123760.0,0,2017-12-14,0.0,0.0
145,123760.0,0,2017-12-15,0.0,0.0
146,123760.0,0,2017-12-16,0.0,0.0
147,123760.0,0,2017-12-17,0.0,0.0
148,123760.0,0,2017-12-18,0.0,0.0
149,123760.0,0,2017-12-19,0.0,0.0
150,123760.0,0,2017-12-20,0.0,0.0
151,123760.0,0,2017-12-21,0.0,0.0
152,123760.0,0,2017-12-22,0.0,0.0
153,123760.0,0,2017-12-23,0.0,0.0
154,123760.0,0,2017-12-24,0.0,0.0
155,123760.0,0,2017-12-25,0.0,0.0
156,123760.0,0,2017-12-26,0.0,0.0
157,123760.0,0,2017-12-27,0.0,0.0
158,123760.0,0,2017-12-28,0.0,0.0
159,123760.0,0,2017-12-29,0.0,0.0
160,123760.0,0,2017-12-30,0.0,0.0
161,123760.0,0,2017-12-31,0.0,0.0
162,123760.0,0,2018-01-01,0.0,0.0
163,123760.0,0,2018-01-02,0.0,0.0
164,123760.0,0,2018-01-03,0.0,0.0
165,123760.0,0,2018-01-04,0.0,0.0
166,123760.0,0,2018-01-05,0.0,0.0
167,123760.0,0,2018-01-06,0.0,0.0
168,123760.0,0,2018-01-07,0.0,0.0
169,123760.0,0,2018-01-08,0.0,0.0
170,123760.0,0,2018-01-09,0.0,0.0
171,123760.0,0,2018-01-10,0.0,0.0
172,123760.0,0,2018-01-11,0.0,0.0
173,123760.0,0,2018-01-12,0.0,0.0
174,123760.0,0,2018-01-13,0.0,0.0
175,123760.0,0,2018-01-14,0.0,0.0
176,123760.0,0,2018-01-15,0.0,0.0
177,123760.0,0,2018-01-16,0.0,0.0
178,123760.0,0,2018-01-17,0.0,0.0
179,123760.0,0,2018-01-18,0.0,0.0
180,123760.0,0,2018-01-19,0.0,0.0
181,123760.0,0,2018-01-20,0.0,0.0
182,123760.0,0,2018-01-21,0.0,0.0
183,123760.0,0,2018-01-22,0.0,0.0
184,123760.0,0,2018-01-23,0.0,0.0
185,123760.0,0,2018-01-24,0.0,0.0
186,123760.0,0,2018-01-25,0.0,0.0
187,123760.0,0,2018-01-26,0.0,0.0
188,123760.0,0,2018-01-27,0.0,0.0
189,123760.0,0,2018-01-28,0.0,0.0
190,123760.0,0,2018-01-29,0.0,0.0
191,123760.0,0,2018-01-30,0.0,0.0
192,123760.0,0,2018-01-31,0.0,0.0
193,123760.0,0,2018-02-01,0.0,0.0
194,123760.0,0,2018-02-02,0.0,0.0
195,123760.0,0,2018-02-03,0.0,0.0
196,123760.0,0,2018-02-04,0.0,0.0
197,123760.0,0,2018-02-05,0.0,0.0
198,123760.0,0,2018-02-06,0.0,0.0
199,123760.0,0,2018-02-07,0.0,0.0
200,123760.0,0,2018-02-08,0.0,0.0
201,123760.0,0,2018-02-09,0.0,0.0
202,123760.0,0,2018-02-10,0.0,0.0
203,123760.0,0,2018-02-11,0.0,0.0
204,123760.0,0,2018-02-12,0.0,0.0
205,123760.0,0,2018-02-13,0.0,0.0
206,123760.0,0,2018-02-14,0.0,0.0
207,123760.0,0,2018-02-15,0.0,0.0
208,123760.0,0,2018-02-16,0.0,0.0
209,123760.0,0,2018-02-17,0.0,0.0
210,123760.0,0,2018-02-18,0.0,0.0
211,123760.0,0,2018-02-19,0.0,0.0
212,123760.0,0,2018-02-20,0.0,0.0
213,123760.0,0,2018-02-21,0.0,0.0
214,123760.0,0,2018-02-22,0.0,0.0
215,123760.0,0,2018-02-23,0.0,0.0
216,123760.0,0,2018-02-24,0.0,0.0
217,123760.0,0,2018-02-25,0.0,0.0
218,123760.0,0,2018-02-26,0.0,0.0
219,123760.0,0,2018-02-27,0.0,0.0
220,123760.0,0,2018-02-28,0.0,0.0
221,123760.0,0,2018-03-01,0.0,0.0
222,123760.0,0,2018-03-02,0.0,0.0
223,123760.0,0,2018-03-03,0.0,0.0
224,123760.0,0,2018-03-04,0.0,0.0
225,123760.0,0,2018-03-05,0.0,0.0
226,123760.0,0,2018-03-06,0.0,0.0
227,123760.0,0,2018-03-07,0.0,0.0
228,123760.0,0,2018-03-08,0.0,0.0
229,123760.0,0,2018-03-09,0.0,0.0
230,123760.0,0,2018-03-10,0.0,0.0
231,123760.0,0,2018-03-11,0.0,0.0
232,123760.0,0,2018-03-12,0.0,0.0
233,123760.0,0,2018-03-13,0.0,0.0
234,123760.0,0,2018-03-14,0.0,0.0
235,123760.0,0,2018-03-15,0.0,0.0
236,123760.0,0,2018-03-16,0.0,0.0
237,123760.0,0,2018-03-17,0.0,0.0
238,123760.0,0,2018-03-18,0.0,0.0
239,123760.0,0,2018-03-19,0.0,0.0
240,123760.0,0,2018-03-20,0.0,0.0
241,123760.0,0,2018-03-21,0.0,0.0
242,123760.0,0,2018-03-22,0.0,0.0
243,123760.0,0,2018-03-23,0.0,0.0
244,123760.0,0,2018-03-24,0.0,0.0
245,123760.0,0,2018-03-25,0.0,0.0
246,123760.0,0,2018-03-26,0.0,0.0
247,123760.0,0,2018-03-27,0.0,0.0
248,123760.0,0,2018-03-28,0.0,0.0
249,123760.0,0,2018-03-29,0.0,0.0
250,123760.0,0,2018-03-30,0.0,0.0
251,123760.0,0,2018-03-31,0.0,0.0
252,123760.0,0,2018-04-01,0.0,0.0
253,123760.0,0,2018-04-02,0.0,0.0
254,123760.0,0,2018-04-03,0.0,0.0
255,123760.0,0,2018-04-04,0.0,0.0
256,123760.0,0,2018-04-05,0.0,0.0
257,123760.0,0,2018-04-06,0.0,0.0
258,123760.0,0,2018-04-07,0.0,0.0
259,123760.0,0,2018-04-08,0.0,0.0
260,123760.0,0,2018-04-09,0.0,0.0
261,123760.0,0,2018-04-10,0.0,0.0
262,123760.0,0,2018-04-11,0.0,0.0
263,123760.0,0,2018-04-12,0.0,0.0
264,123760.0,0,2018-04-13,0.0,0.0
265,123760.0,0,2018-04-14,0.0,0.0
266,123760.0,0,2018-04-15,0.0,0.0
267,123760.0,0,2018-04-16,0.0,0.0
268,123760.0,0,2018-04-17,0.0,0.0
269,123760.0,0,2018-04-18,0.0,0.0
270,123760.0,0,2018-04-19,0.0,0.0
271,123760.0,0,2018-04-20,0.0,0.0
272,123760.0,0,2018-04-21,0.0,0.0
273,123760.0,0,2018-04-22,0.0,0.0
274,123760.0,0,2018-04-23,0.0,0.0
275,123760.0,0,2018-04-24,0.0,0.0
276,123760.0,0,2018-04-25,0.0,0.0
277,123760.0,0,2018-04-26,0.0,0.0
278,123760.0,0,2018-04-27,0.0,0.0
279,123760.0,0,2018-04-28,0.0,0.0
280,123760.0,0,2018-04-29,0.0,0.0
281,123760.0,0,2018-04-30,0.0,0.0
282,123760.0,0,2018-05-01,0.0,0.0
283,123760.0,0,2018-05-02,0.0,0.0
284,123760.0,0,2018-05-03,0.0,0.0
285,123760.0,0,2018-05-04,0.0,0.0
286,123760.0,0,2018-05-05,0.0,0.0
287,123760.0,0,2018-05-06,0.0,0.0
288,123760.0,0,2018-05-07,0.0,0.0
289,123760.0,0,2018-05-08,0.0,0.0
290,123760.0,0,2018-05-09,0.0,0.0
291,123760.0,0,2018-05-10,0.0,0.0
292,123760.0,0,2018-05-11,0.0,0.0
293,123760.0,0,2018-05-12,0.0,0.0
294,123760.0,0,2018-05-13,0.0,0.0
295,123760.0,0,2018-05-14,0.0,0.0
296,123760.0,0,2018-05-15,0.0,0.0
297,123760.0,0,2018-05-16,0.0,0.0
298,123760.0,0,2018-05-17,0.0,0.0
299,123760.0,0,2018-05-18,0.0,0.0
300,123760.0,0,2018-05-19,0.0,0.0
301,123760.0,0,2018-05-20,0.0,0.0
302,123760.0,0,2018-05-21,0.0,0.0
303,123760.0,0,2018-05-22,0.0,0.0
304,123760.0,0,2018-05-23,0.0,0.0
305,123760.0,0,2018-05-24,0.0,0.0
306,123760.0,0,2018-05-25,0.0,0.0
307,123760.0,0,2018-05-26,0.0,0.0
308,123760.0,0,2018-05-27,0.0,0.0
309,123760.0,0,2018-05-28,0.0,0.0
310,123760.0,0,2018-05-29,0.0,0.0
311,123760.0,0,2018-05-30,0.0,0.0
312,123760.0,0,2018-05-31,0.0,0.0
313,123760.0,0,2018-06-01,0.0,0.0
314,123760.0,0,2018-06-02,0.0,0.0
315,123760.0,0,2018-06-03,0.0,0.0
316,123760.0,0,2018-06-04,0.0,0.0
317,123760.0,0,2018-06-05,0.0,0.0
318,123760.0,0,2018-06-06,0.0,0.0
319,123760.0,0,2018-06-07,0.0,0.0
320,123760.0,0,2018-06-08,0.0,0.0
321,123760.0,0,2018-06-09,0.0,0.0
322,123760.0,0,2018-06-10,0.0,0.0
323,123760.0,0,2018-06-11,0.0,0.0
324,123760.0,0,2018-06-12,0.0,0.0
325,123760.0,0,2018-06-13,0.0,0.0
326,123760.0,0,2018-06-14,0.0,0.0
327,123760.0,0,2018-06-15,0.0,0.0
328,123760.0,0,2018-06-16,0.0,0.0
329,123760.0,0,2018-06-17,0.0,0.0
330,123760.0,0,2018-06-18,0.0,0.0
331,123760.0,0,2018-06-19,0.0,0.0
332,123760.0,0,2018-06-20,0.0,0.0
333,123760.0,0,2018-06-21,0.0,0.0
334,123760.0,0,2018-06-22,0.0,0.0
335,123760.0,0,2018-06-23,0.0,0.0
336,123760.0,0,2018-06-24,0.0,0.0
337,123760.0,0,2018-06-25,0.0,0.0
338,123760.0,0,2018-06-26,0.0,0.0
339,123760.0,0,2018-06-27,0.0,0.0
340,123760.0,0,2018-06-28,0.0,0.0
341,123760.0,0,2018-06-29,0.0,0.0
342,123760.0,0,2018-06-30,0.0,0.0
343,123760.0,0,2018-07-01,0.0,0.0
344,123760.0,0,2018-07-02,0.0,0.0
345,123760.0,0,2018-07-03,0.0,0.0
346,123760.0,0,2018-07-04,0.0,0.0
347,123760.0,0,2018-07-05,0.0,0.0
348,123760.0,0,2018-07-06,0.0,0.0
349,123760.0,0,2018-07-07,0.0,0.0
350,123760.0,0,2018-07-08,0.0,0.0
351,123760.0,0,2018-07-09,0.0,0.0
352,123760.0,0,2018-07-10,0.0,0.0
353,123760.0,0,2018-07-11,0.0,0.0
354,123760.0,0,2018-07-12,0.0,0.0
355,123760.0,0,2018-07-13,0.0,0.0
356,123760.0,0,2018-07-14,0.0,0.0
357,123760.0,0,2018-07-15,0.0,0.0
358,123760.0,0,2018-07-16,0.0,0.0
359,123760.0,0,2018-07-17,0.0,0.0
360,123760.0,0,2018-07-18,0.0,0.0
361,123760.0,0,2018-07-19,0.0,0.0
362,123760.0,0,2018-07-20,0.0,0.0
363,123760.0,0,2018-07-21,0.0,0.0
364,123760.0,0,2018-07-22,0.0,0.0
365,123760.0,0,2018-07-23,0.0,0.0
366,123760.0,0,2018-07-24,0.0,0.0
367,123760.0,0,2018-07-25,0.0,0.0
368,123760.0,0,2018-07-26,0.0,0.0
369,123760.0,0,2018-07-27,0.0,0.0
370,123760.0,0,2018-07-28,0.0,0.0
371,123760.0,0,2018-07-29,0.0,0.0
372,123760.0,0,2018-07-30,0.0,0.0
373,123760.0,0,2018-07-31,0.0,0.0
374,123760.0,0,2018-08-01,0.0,0.0
375,123760.0,0,2018-08-02,0.0,0.0
376,123760.0,0,2018-08-03,0.0,0.0
377,123760.0,0,2018-08-04,0.0,0.0
378,123760.0,0,2018-08-05,0.0,0.0
379,123760.0,0,2018-08-06,0.0,0.0
380,123760.0,0,2018-08-07,0.0,0.0
381,123760.0,0,2018-08-08,0.0,0.0
382,123760.0,0,2018-08-09,0.0,0.0
383,123760.0,0,2018-08-10,0.0,0.0
384,123760.0,0,2018-08-11,0.0,0.0
385,123760.0,0,2018-08-12,0.0,0.0
386,123760.0,0,2018-08-13,0.0,0.0
387,123760.0,0,2018-08-14,0.0,0.0
388,123760.0,0,2018-08-15,0.0,0.0
389,123760.0,0,2018-08-16,0.0,0.0
390,123760.0,0,2018-08-17,0.0,0.0
391,123760.0,0,2018-08-18,0.0,0.0
392,123760.0,0,2018-08-19,0.0,0.0
393,123760.0,0,2018-08-20,0.0,0.0
394,123760.0,0,2018-08-21,0.0,0.0
395,123760.0,0,2018-08-22,0.0,0.0
396,123760.0,0,2018-08-23,0.0,0.0
397,123760.0,0,2018-08-24,0.0,0.0
398,123760.0,0,2018-08-25,0.0,0.0
399,123760.0,0,2018-08-26,0.0,0.0
400,123760.0,0,2018-08-27,0.0,0.0
401,123760.0,0,2018-08-28,0.0,0.0
402,123760.0,0,2018-08-29,0.0,0.0
403,123760.0,0,2018-08-30,0.0,0.0
404,123760.0,0,2018-08-31,0.0,0.0
405,123760.0,0,2018-09-01,0.0,0.0
406,123760.0,0,2018-09-02,0.0,0.0
407,123760.0,0,2018-09-03,0.0,0.0
408,123760.0,0,2018-09-04,0.0,0.0
409,123760.0,0,2018-09-05,0.0,0.0
410,123760.0,0,2018-09-06,0.0,0.0
411,123760.0,0,2018-09-07,0.0,0.0
412,123760.0,0,2018-09-08,0.0,0.0
413,123760.0,0,2018-09-09,0.0,0.0
414,123760.0,0,2018-09-10,0.0,0.0
0,123760.0,ESTANTERÍA 4 LEJAS Y 1 CAJÓN,2018-09-11,91.65,1.0
415,123760.0,0,2018-09-12,0.0,0.0
416,123760.0,0,2018-09-13,0.0,0.0
417,123760.0,0,2018-09-14,0.0,0.0
418,123760.0,0,2018-09-15,0.0,0.0
419,123760.0,0,2018-09-16,0.0,0.0
420,123760.0,0,2018-09-17,0.0,0.0
421,123760.0,0,2018-09-18,0.0,0.0
422,123760.0,0,2018-09-19,0.0,0.0
423,123760.0,0,2018-09-20,0.0,0.0
424,123760.0,0,2018-09-21,0.0,0.0
425,123760.0,0,2018-09-22,0.0,0.0
426,123760.0,0,2018-09-23,0.0,0.0
427,123760.0,0,2018-09-24,0.0,0.0
428,123760.0,0,2018-09-25,0.0,0.0
429,123760.0,0,2018-09-26,0.0,0.0
430,123760.0,0,2018-09-27,0.0,0.0
431,123760.0,0,2018-09-28,0.0,0.0
432,123760.0,0,2018-09-29,0.0,0.0
1,123760.0,ESTANTERÍA 4 LEJAS Y 1 CAJÓN,2018-09-30,82.49,1.0
433,123760.0,0,2018-10-01,0.0,0.0
434,123760.0,0,2018-10-02,0.0,0.0
435,123760.0,0,2018-10-03,0.0,0.0
436,123760.0,0,2018-10-04,0.0,0.0
2,123760.0,ESTANTERÍA 4 LEJAS Y 1 CAJÓN,2018-10-05,82.49,1.0
3,123760.0,ESTANTERÍA 4 LEJAS Y 1 CAJÓN,2018-10-06,164.97,2.0
437,123760.0,0,2018-10-07,0.0,0.0
4,123760.0,ESTANTERÍA 4 LEJAS Y 1 CAJÓN,2018-10-08,183.3,2.0
438,123760.0,0,2018-10-09,0.0,0.0
439,123760.0,0,2018-10-10,0.0,0.0
440,123760.0,0,2018-10-11,0.0,0.0
441,123760.0,0,2018-10-12,0.0,0.0
442,123760.0,0,2018-10-13,0.0,0.0
5,123760.0,ESTANTERÍA 4 LEJAS Y 1 CAJÓN,2018-10-14,91.65,1.0
443,123760.0,0,2018-10-15,0.0,0.0
6,123760.0,ESTANTERÍA 4 LEJAS Y 1 CAJÓN,2018-10-16,91.65,1.0
444,123760.0,0,2018-10-17,0.0,0.0
445,123760.0,0,2018-10-18,0.0,0.0
446,123760.0,0,2018-10-19,0.0,0.0
447,123760.0,0,2018-10-20,0.0,0.0
448,123760.0,0,2018-10-21,0.0,0.0
7,123760.0,ESTANTERÍA 4 LEJAS Y 1 CAJÓN,2018-10-22,91.65,1.0
8,123760.0,ESTANTERÍA 4 LEJAS Y 1 CAJÓN,2018-10-23,91.65,1.0
449,123760.0,0,2018-10-24,0.0,0.0
450,123760.0,0,2018-10-25,0.0,0.0
451,123760.0,0,2018-10-26,0.0,0.0
452,123760.0,0,2018-10-27,0.0,0.0
453,123760.0,0,2018-10-28,0.0,0.0
454,123760.0,0,2018-10-29,0.0,0.0
455,123760.0,0,2018-10-30,0.0,0.0
456,123760.0,0,2018-10-31,0.0,0.0
457,123760.0,0,2018-11-01,0.0,0.0
458,123760.0,0,2018-11-02,0.0,0.0
459,123760.0,0,2018-11-03,0.0,0.0
460,123760.0,0,2018-11-04,0.0,0.0
9,123760.0,ESTANTERÍA 4 LEJAS Y 1 CAJÓN,2018-11-05,366.61,4.0
10,123760.0,ESTANTERÍA 4 LEJAS Y 1 CAJÓN,2018-11-06,91.66,1.0
11,123760.0,ESTANTERÍA 4 LEJAS Y 1 CAJÓN,2018-11-07,174.14,2.0
461,123760.0,0,2018-11-08,0.0,0.0
462,123760.0,0,2018-11-09,0.0,0.0
463,123760.0,0,2018-11-10,0.0,0.0
12,123760.0,ESTANTERÍA 4 LEJAS Y 1 CAJÓN,2018-11-11,82.49,1.0
13,123760.0,ESTANTERÍA 4 LEJAS Y 1 CAJÓN,2018-11-12,91.65,1.0
464,123760.0,0,2018-11-13,0.0,0.0
465,123760.0,0,2018-11-14,0.0,0.0
466,123760.0,0,2018-11-15,0.0,0.0
467,123760.0,0,2018-11-16,0.0,0.0
14,123760.0,ESTANTERÍA 4 LEJAS Y 1 CAJÓN,2018-11-17,82.49,1.0
468,123760.0,0,2018-11-18,0.0,0.0
469,123760.0,0,2018-11-19,0.0,0.0
15,123760.0,ESTANTERÍA 4 LEJAS Y 1 CAJÓN,2018-11-20,82.48,1.0
470,123760.0,0,2018-11-21,0.0,0.0
471,123760.0,0,2018-11-22,0.0,0.0
16,123760.0,ESTANTERÍA 4 LEJAS Y 1 CAJÓN,2018-11-23,247.44,3.0
472,123760.0,0,2018-11-24,0.0,0.0
17,123760.0,ESTANTERÍA 4 LEJAS Y 1 CAJÓN,2018-11-25,329.92,4.0
18,123760.0,ESTANTERÍA 4 LEJAS Y 1 CAJÓN,2018-11-26,82.48,1.0
473,123760.0,0,2018-11-27,0.0,0.0
474,123760.0,0,2018-11-28,0.0,0.0
475,123760.0,0,2018-11-29,0.0,0.0
476,123760.0,0,2018-11-30,0.0,0.0
477,123760.0,0,2018-12-01,0.0,0.0
478,123760.0,0,2018-12-02,0.0,0.0
479,123760.0,0,2018-12-03,0.0,0.0
19,123760.0,ESTANTERÍA 4 LEJAS Y 1 CAJÓN,2018-12-04,91.65,1.0
480,123760.0,0,2018-12-05,0.0,0.0
481,123760.0,0,2018-12-06,0.0,0.0
482,123760.0,0,2018-12-07,0.0,0.0
483,123760.0,0,2018-12-08,0.0,0.0
484,123760.0,0,2018-12-09,0.0,0.0
485,123760.0,0,2018-12-10,0.0,0.0
486,123760.0,0,2018-12-11,0.0,0.0
487,123760.0,0,2018-12-12,0.0,0.0
488,123760.0,0,2018-12-13,0.0,0.0
489,123760.0,0,2018-12-14,0.0,0.0
490,123760.0,0,2018-12-15,0.0,0.0
491,123760.0,0,2018-12-16,0.0,0.0
492,123760.0,0,2018-12-17,0.0,0.0
493,123760.0,0,2018-12-18,0.0,0.0
494,123760.0,0,2018-12-19,0.0,0.0
495,123760.0,0,2018-12-20,0.0,0.0
496,123760.0,0,2018-12-21,0.0,0.0
497,123760.0,0,2018-12-22,0.0,0.0
498,123760.0,0,2018-12-23,0.0,0.0
499,123760.0,0,2018-12-24,0.0,0.0
500,123760.0,0,2018-12-25,0.0,0.0
501,123760.0,0,2018-12-26,0.0,0.0
502,123760.0,0,2018-12-27,0.0,0.0
503,123760.0,0,2018-12-28,0.0,0.0
504,123760.0,0,2018-12-29,0.0,0.0
505,123760.0,0,2018-12-30,0.0,0.0
506,123760.0,0,2018-12-31,0.0,0.0
507,123760.0,0,2019-01-01,0.0,0.0
508,123760.0,0,2019-01-02,0.0,0.0
509,123760.0,0,2019-01-03,0.0,0.0
510,123760.0,0,2019-01-04,0.0,0.0
511,123760.0,0,2019-01-05,0.0,0.0
512,123760.0,0,2019-01-06,0.0,0.0
513,123760.0,0,2019-01-07,0.0,0.0
514,123760.0,0,2019-01-08,0.0,0.0
20,123760.0,ESTANTERÍA 4 LEJAS Y 1 CAJÓN,2019-01-09,82.48,1.0
515,123760.0,0,2019-01-10,0.0,0.0
516,123760.0,0,2019-01-11,0.0,0.0
517,123760.0,0,2019-01-12,0.0,0.0
21,123760.0,ESTANTERÍA 4 LEJAS Y 1 CAJÓN,2019-01-13,164.96,2.0
22,123760.0,ESTANTERÍA 4 LEJAS Y 1 CAJÓN,2019-01-14,82.48,1.0
23,123760.0,ESTANTERÍA 4 LEJAS Y 1 CAJÓN,2019-01-15,82.48,1.0
24,123760.0,ESTANTERÍA 4 LEJAS Y 1 CAJÓN,2019-01-16,160.84,2.0
518,123760.0,0,2019-01-17,0.0,0.0
519,123760.0,0,2019-01-18,0.0,0.0
520,123760.0,0,2019-01-19,0.0,0.0
521,123760.0,0,2019-01-20,0.0,0.0
25,123760.0,ESTANTERÍA 4 LEJAS Y 1 CAJÓN,2019-01-21,82.48,1.0
522,123760.0,0,2019-01-22,0.0,0.0
523,123760.0,0,2019-01-23,0.0,0.0
524,123760.0,0,2019-01-24,0.0,0.0
26,123760.0,ESTANTERÍA 4 LEJAS Y 1 CAJÓN,2019-01-25,82.48,1.0
525,123760.0,0,2019-01-26,0.0,0.0
27,123760.0,ESTANTERÍA 4 LEJAS Y 1 CAJÓN,2019-01-27,82.48,1.0
28,123760.0,ESTANTERÍA 4 LEJAS Y 1 CAJÓN,2019-01-28,82.48,1.0
526,123760.0,0,2019-01-29,0.0,0.0
527,123760.0,0,2019-01-30,0.0,0.0
29,123760.0,ESTANTERÍA 4 LEJAS Y 1 CAJÓN,2019-01-31,247.44,3.0
528,123760.0,0,2019-02-01,0.0,0.0
529,123760.0,0,2019-02-02,0.0,0.0
30,123760.0,ESTANTERÍA 4 LEJAS Y 1 CAJÓN,2019-02-03,82.48,1.0
530,123760.0,0,2019-02-04,0.0,0.0
531,123760.0,0,2019-02-05,0.0,0.0
532,123760.0,0,2019-02-06,0.0,0.0
533,123760.0,0,2019-02-07,0.0,0.0
534,123760.0,0,2019-02-08,0.0,0.0
535,123760.0,0,2019-02-09,0.0,0.0
536,123760.0,0,2019-02-10,0.0,0.0
31,123760.0,ESTANTERÍA 4 LEJAS Y 1 CAJÓN,2019-02-11,332.64,4.0
537,123760.0,0,2019-02-12,0.0,0.0
32,123760.0,ESTANTERÍA 4 LEJAS Y 1 CAJÓN,2019-02-13,77.93,1.0
538,123760.0,0,2019-02-14,0.0,0.0
539,123760.0,0,2019-02-15,0.0,0.0
540,123760.0,0,2019-02-16,0.0,0.0
541,123760.0,0,2019-02-17,0.0,0.0
542,123760.0,0,2019-02-18,0.0,0.0
33,123760.0,ESTANTERÍA 4 LEJAS Y 1 CAJÓN,2019-02-19,151.97,2.0
543,123760.0,0,2019-02-20,0.0,0.0
34,123760.0,ESTANTERÍA 4 LEJAS Y 1 CAJÓN,2019-02-21,77.93,1.0
544,123760.0,0,2019-02-22,0.0,0.0
35,123760.0,ESTANTERÍA 4 LEJAS Y 1 CAJÓN,2019-02-23,77.93,1.0
36,123760.0,ESTANTERÍA 4 LEJAS Y 1 CAJÓN,2019-02-24,77.93,1.0
545,123760.0,0,2019-02-25,0.0,0.0
37,123760.0,ESTANTERÍA 4 LEJAS Y 1 CAJÓN,2019-02-26,183.3,2.0
546,123760.0,0,2019-02-27,0.0,0.0
38,123760.0,ESTANTERÍA 4 LEJAS Y 1 CAJÓN,2019-02-28,82.49,1.0
547,123760.0,0,2019-03-01,0.0,0.0
548,123760.0,0,2019-03-02,0.0,0.0
39,123760.0,ESTANTERÍA 4 LEJAS Y 1 CAJÓN,2019-03-03,91.65,1.0
549,123760.0,0,2019-03-04,0.0,0.0
550,123760.0,0,2019-03-05,0.0,0.0
551,123760.0,0,2019-03-06,0.0,0.0
552,123760.0,0,2019-03-07,0.0,0.0
553,123760.0,0,2019-03-08,0.0,0.0
554,123760.0,0,2019-03-09,0.0,0.0
555,123760.0,0,2019-03-10,0.0,0.0
556,123760.0,0,2019-03-11,0.0,0.0
557,123760.0,0,2019-03-12,0.0,0.0
558,123760.0,0,2019-03-13,0.0,0.0
559,123760.0,0,2019-03-14,0.0,0.0
560,123760.0,0,2019-03-15,0.0,0.0
561,123760.0,0,2019-03-16,0.0,0.0
562,123760.0,0,2019-03-17,0.0,0.0
563,123760.0,0,2019-03-18,0.0,0.0
564,123760.0,0,2019-03-19,0.0,0.0
565,123760.0,0,2019-03-20,0.0,0.0
40,123760.0,ESTANTERÍA 4 LEJAS Y 1 CAJÓN,2019-03-21,256.63,3.0
566,123760.0,0,2019-03-22,0.0,0.0
567,123760.0,0,2019-03-23,0.0,0.0
568,123760.0,0,2019-03-24,0.0,0.0
569,123760.0,0,2019-03-25,0.0,0.0
570,123760.0,0,2019-03-26,0.0,0.0
571,123760.0,0,2019-03-27,0.0,0.0
572,123760.0,0,2019-03-28,0.0,0.0
573,123760.0,0,2019-03-29,0.0,0.0
574,123760.0,0,2019-03-30,0.0,0.0
575,123760.0,0,2019-03-31,0.0,0.0
