,Reference,Name,Dates,Net_Incomes,Units_Sold
52,49809.0,0,2017-09-02,0.0,0.0
53,49809.0,0,2017-09-03,0.0,0.0
54,49809.0,0,2017-09-04,0.0,0.0
55,49809.0,0,2017-09-05,0.0,0.0
56,49809.0,0,2017-09-06,0.0,0.0
57,49809.0,0,2017-09-07,0.0,0.0
58,49809.0,0,2017-09-08,0.0,0.0
59,49809.0,0,2017-09-09,0.0,0.0
60,49809.0,0,2017-09-10,0.0,0.0
61,49809.0,0,2017-09-11,0.0,0.0
62,49809.0,0,2017-09-12,0.0,0.0
63,49809.0,0,2017-09-13,0.0,0.0
64,49809.0,0,2017-09-14,0.0,0.0
65,49809.0,0,2017-09-15,0.0,0.0
66,49809.0,0,2017-09-16,0.0,0.0
67,49809.0,0,2017-09-17,0.0,0.0
68,49809.0,0,2017-09-18,0.0,0.0
69,49809.0,0,2017-09-19,0.0,0.0
70,49809.0,0,2017-09-20,0.0,0.0
71,49809.0,0,2017-09-21,0.0,0.0
72,49809.0,0,2017-09-22,0.0,0.0
73,49809.0,0,2017-09-23,0.0,0.0
74,49809.0,0,2017-09-24,0.0,0.0
75,49809.0,0,2017-09-25,0.0,0.0
76,49809.0,0,2017-09-26,0.0,0.0
77,49809.0,0,2017-09-27,0.0,0.0
78,49809.0,0,2017-09-28,0.0,0.0
79,49809.0,0,2017-09-29,0.0,0.0
80,49809.0,0,2017-09-30,0.0,0.0
81,49809.0,0,2017-10-01,0.0,0.0
0,49809.0,S/2 FAROL METAL / CRISTAL BLANCO,2017-10-02,51.16,1.0
82,49809.0,0,2017-10-03,0.0,0.0
83,49809.0,0,2017-10-04,0.0,0.0
84,49809.0,0,2017-10-05,0.0,0.0
1,49809.0,S/2 FAROL METAL / CRISTAL BLANCO,2017-10-06,51.16,1.0
85,49809.0,0,2017-10-07,0.0,0.0
86,49809.0,0,2017-10-08,0.0,0.0
87,49809.0,0,2017-10-09,0.0,0.0
88,49809.0,0,2017-10-10,0.0,0.0
89,49809.0,0,2017-10-11,0.0,0.0
90,49809.0,0,2017-10-12,0.0,0.0
91,49809.0,0,2017-10-13,0.0,0.0
92,49809.0,0,2017-10-14,0.0,0.0
93,49809.0,0,2017-10-15,0.0,0.0
94,49809.0,0,2017-10-16,0.0,0.0
95,49809.0,0,2017-10-17,0.0,0.0
96,49809.0,0,2017-10-18,0.0,0.0
2,49809.0,S/2 FAROL METAL / CRISTAL BLANCO,2017-10-19,51.16,1.0
97,49809.0,0,2017-10-20,0.0,0.0
3,49809.0,S/2 FAROL METAL / CRISTAL BLANCO,2017-10-21,43.48,1.0
98,49809.0,0,2017-10-22,0.0,0.0
99,49809.0,0,2017-10-23,0.0,0.0
100,49809.0,0,2017-10-24,0.0,0.0
101,49809.0,0,2017-10-25,0.0,0.0
102,49809.0,0,2017-10-26,0.0,0.0
103,49809.0,0,2017-10-27,0.0,0.0
104,49809.0,0,2017-10-28,0.0,0.0
105,49809.0,0,2017-10-29,0.0,0.0
106,49809.0,0,2017-10-30,0.0,0.0
107,49809.0,0,2017-10-31,0.0,0.0
108,49809.0,0,2017-11-01,0.0,0.0
109,49809.0,0,2017-11-02,0.0,0.0
110,49809.0,0,2017-11-03,0.0,0.0
111,49809.0,0,2017-11-04,0.0,0.0
112,49809.0,0,2017-11-05,0.0,0.0
113,49809.0,0,2017-11-06,0.0,0.0
114,49809.0,0,2017-11-07,0.0,0.0
115,49809.0,0,2017-11-08,0.0,0.0
4,49809.0,S/2 FAROL METAL / CRISTAL BLANCO,2017-11-09,51.16,1.0
116,49809.0,0,2017-11-10,0.0,0.0
117,49809.0,0,2017-11-11,0.0,0.0
118,49809.0,0,2017-11-12,0.0,0.0
119,49809.0,0,2017-11-13,0.0,0.0
120,49809.0,0,2017-11-14,0.0,0.0
121,49809.0,0,2017-11-15,0.0,0.0
122,49809.0,0,2017-11-16,0.0,0.0
123,49809.0,0,2017-11-17,0.0,0.0
124,49809.0,0,2017-11-18,0.0,0.0
125,49809.0,0,2017-11-19,0.0,0.0
126,49809.0,0,2017-11-20,0.0,0.0
127,49809.0,0,2017-11-21,0.0,0.0
128,49809.0,0,2017-11-22,0.0,0.0
5,49809.0,S/2 FAROL METAL / CRISTAL BLANCO,2017-11-23,43.49,1.0
129,49809.0,0,2017-11-24,0.0,0.0
6,49809.0,S/2 FAROL METAL / CRISTAL BLANCO,2017-11-25,76.7,2.0
7,49809.0,S/2 FAROL METAL / CRISTAL BLANCO,2017-11-26,76.7,2.0
130,49809.0,0,2017-11-27,0.0,0.0
131,49809.0,0,2017-11-28,0.0,0.0
132,49809.0,0,2017-11-29,0.0,0.0
133,49809.0,0,2017-11-30,0.0,0.0
134,49809.0,0,2017-12-01,0.0,0.0
8,49809.0,S/2 FAROL METAL / CRISTAL BLANCO,2017-12-02,51.16,1.0
135,49809.0,0,2017-12-03,0.0,0.0
136,49809.0,0,2017-12-04,0.0,0.0
137,49809.0,0,2017-12-05,0.0,0.0
138,49809.0,0,2017-12-06,0.0,0.0
139,49809.0,0,2017-12-07,0.0,0.0
140,49809.0,0,2017-12-08,0.0,0.0
141,49809.0,0,2017-12-09,0.0,0.0
142,49809.0,0,2017-12-10,0.0,0.0
143,49809.0,0,2017-12-11,0.0,0.0
144,49809.0,0,2017-12-12,0.0,0.0
145,49809.0,0,2017-12-13,0.0,0.0
146,49809.0,0,2017-12-14,0.0,0.0
147,49809.0,0,2017-12-15,0.0,0.0
148,49809.0,0,2017-12-16,0.0,0.0
149,49809.0,0,2017-12-17,0.0,0.0
150,49809.0,0,2017-12-18,0.0,0.0
151,49809.0,0,2017-12-19,0.0,0.0
152,49809.0,0,2017-12-20,0.0,0.0
153,49809.0,0,2017-12-21,0.0,0.0
9,49809.0,S/2 FAROL METAL / CRISTAL BLANCO,2017-12-22,51.16,1.0
154,49809.0,0,2017-12-23,0.0,0.0
155,49809.0,0,2017-12-24,0.0,0.0
156,49809.0,0,2017-12-25,0.0,0.0
10,49809.0,S/2 FAROL METAL / CRISTAL BLANCO,2017-12-26,51.16,1.0
157,49809.0,0,2017-12-27,0.0,0.0
158,49809.0,0,2017-12-28,0.0,0.0
159,49809.0,0,2017-12-29,0.0,0.0
160,49809.0,0,2017-12-30,0.0,0.0
11,49809.0,S/2 FAROL METAL / CRISTAL BLANCO,2017-12-31,51.16,1.0
161,49809.0,0,2018-01-01,0.0,0.0
162,49809.0,0,2018-01-02,0.0,0.0
12,49809.0,S/2 FAROL METAL / CRISTAL BLANCO,2018-01-03,51.16,1.0
163,49809.0,0,2018-01-04,0.0,0.0
164,49809.0,0,2018-01-05,0.0,0.0
165,49809.0,0,2018-01-06,0.0,0.0
166,49809.0,0,2018-01-07,0.0,0.0
167,49809.0,0,2018-01-08,0.0,0.0
168,49809.0,0,2018-01-09,0.0,0.0
13,49809.0,S/2 FAROL METAL / CRISTAL BLANCO,2018-01-10,81.81,2.0
14,49809.0,S/2 FAROL METAL / CRISTAL BLANCO,2018-01-11,40.91,1.0
15,49809.0,S/2 FAROL METAL / CRISTAL BLANCO,2018-01-12,81.83,2.0
169,49809.0,0,2018-01-13,0.0,0.0
16,49809.0,S/2 FAROL METAL / CRISTAL BLANCO,2018-01-14,81.82,2.0
170,49809.0,0,2018-01-15,0.0,0.0
17,49809.0,S/2 FAROL METAL / CRISTAL BLANCO,2018-01-16,40.91,1.0
171,49809.0,0,2018-01-17,0.0,0.0
172,49809.0,0,2018-01-18,0.0,0.0
18,49809.0,S/2 FAROL METAL / CRISTAL BLANCO,2018-01-19,40.91,1.0
173,49809.0,0,2018-01-20,0.0,0.0
19,49809.0,S/2 FAROL METAL / CRISTAL BLANCO,2018-01-21,81.82,2.0
174,49809.0,0,2018-01-22,0.0,0.0
175,49809.0,0,2018-01-23,0.0,0.0
176,49809.0,0,2018-01-24,0.0,0.0
177,49809.0,0,2018-01-25,0.0,0.0
178,49809.0,0,2018-01-26,0.0,0.0
179,49809.0,0,2018-01-27,0.0,0.0
20,49809.0,S/2 FAROL METAL / CRISTAL BLANCO,2018-01-28,40.91,1.0
180,49809.0,0,2018-01-29,0.0,0.0
181,49809.0,0,2018-01-30,0.0,0.0
182,49809.0,0,2018-01-31,0.0,0.0
21,49809.0,S/2 FAROL METAL / CRISTAL BLANCO,2018-02-01,81.82,2.0
183,49809.0,0,2018-02-02,0.0,0.0
184,49809.0,0,2018-02-03,0.0,0.0
22,49809.0,S/2 FAROL METAL / CRISTAL BLANCO,2018-02-04,40.91,1.0
23,49809.0,S/2 FAROL METAL / CRISTAL BLANCO,2018-02-05,38.35,1.0
24,49809.0,S/2 FAROL METAL / CRISTAL BLANCO,2018-02-06,38.35,1.0
185,49809.0,0,2018-02-07,0.0,0.0
25,49809.0,S/2 FAROL METAL / CRISTAL BLANCO,2018-02-08,38.35,1.0
26,49809.0,S/2 FAROL METAL / CRISTAL BLANCO,2018-02-09,38.35,1.0
27,49809.0,S/2 FAROL METAL / CRISTAL BLANCO,2018-02-10,76.69,2.0
186,49809.0,0,2018-02-11,0.0,0.0
28,49809.0,S/2 FAROL METAL / CRISTAL BLANCO,2018-02-12,38.35,1.0
187,49809.0,0,2018-02-13,0.0,0.0
29,49809.0,S/2 FAROL METAL / CRISTAL BLANCO,2018-02-14,38.35,1.0
188,49809.0,0,2018-02-15,0.0,0.0
189,49809.0,0,2018-02-16,0.0,0.0
30,49809.0,S/2 FAROL METAL / CRISTAL BLANCO,2018-02-17,38.35,1.0
190,49809.0,0,2018-02-18,0.0,0.0
191,49809.0,0,2018-02-19,0.0,0.0
31,49809.0,S/2 FAROL METAL / CRISTAL BLANCO,2018-02-20,102.31,2.0
192,49809.0,0,2018-02-21,0.0,0.0
193,49809.0,0,2018-02-22,0.0,0.0
194,49809.0,0,2018-02-23,0.0,0.0
195,49809.0,0,2018-02-24,0.0,0.0
196,49809.0,0,2018-02-25,0.0,0.0
197,49809.0,0,2018-02-26,0.0,0.0
198,49809.0,0,2018-02-27,0.0,0.0
199,49809.0,0,2018-02-28,0.0,0.0
200,49809.0,0,2018-03-01,0.0,0.0
201,49809.0,0,2018-03-02,0.0,0.0
202,49809.0,0,2018-03-03,0.0,0.0
203,49809.0,0,2018-03-04,0.0,0.0
204,49809.0,0,2018-03-05,0.0,0.0
205,49809.0,0,2018-03-06,0.0,0.0
206,49809.0,0,2018-03-07,0.0,0.0
207,49809.0,0,2018-03-08,0.0,0.0
208,49809.0,0,2018-03-09,0.0,0.0
209,49809.0,0,2018-03-10,0.0,0.0
210,49809.0,0,2018-03-11,0.0,0.0
211,49809.0,0,2018-03-12,0.0,0.0
212,49809.0,0,2018-03-13,0.0,0.0
213,49809.0,0,2018-03-14,0.0,0.0
214,49809.0,0,2018-03-15,0.0,0.0
215,49809.0,0,2018-03-16,0.0,0.0
216,49809.0,0,2018-03-17,0.0,0.0
217,49809.0,0,2018-03-18,0.0,0.0
218,49809.0,0,2018-03-19,0.0,0.0
219,49809.0,0,2018-03-20,0.0,0.0
220,49809.0,0,2018-03-21,0.0,0.0
221,49809.0,0,2018-03-22,0.0,0.0
222,49809.0,0,2018-03-23,0.0,0.0
223,49809.0,0,2018-03-24,0.0,0.0
32,49809.0,S/2 FAROL METAL / CRISTAL BLANCO,2018-03-25,51.16,1.0
224,49809.0,0,2018-03-26,0.0,0.0
225,49809.0,0,2018-03-27,0.0,0.0
226,49809.0,0,2018-03-28,0.0,0.0
227,49809.0,0,2018-03-29,0.0,0.0
228,49809.0,0,2018-03-30,0.0,0.0
229,49809.0,0,2018-03-31,0.0,0.0
230,49809.0,0,2018-04-01,0.0,0.0
231,49809.0,0,2018-04-02,0.0,0.0
232,49809.0,0,2018-04-03,0.0,0.0
233,49809.0,0,2018-04-04,0.0,0.0
234,49809.0,0,2018-04-05,0.0,0.0
235,49809.0,0,2018-04-06,0.0,0.0
236,49809.0,0,2018-04-07,0.0,0.0
237,49809.0,0,2018-04-08,0.0,0.0
238,49809.0,0,2018-04-09,0.0,0.0
239,49809.0,0,2018-04-10,0.0,0.0
240,49809.0,0,2018-04-11,0.0,0.0
241,49809.0,0,2018-04-12,0.0,0.0
242,49809.0,0,2018-04-13,0.0,0.0
243,49809.0,0,2018-04-14,0.0,0.0
33,49809.0,S/2 FAROL METAL / CRISTAL BLANCO,2018-04-15,51.16,1.0
244,49809.0,0,2018-04-16,0.0,0.0
245,49809.0,0,2018-04-17,0.0,0.0
34,49809.0,S/2 FAROL METAL / CRISTAL BLANCO,2018-04-18,102.31,2.0
246,49809.0,0,2018-04-19,0.0,0.0
247,49809.0,0,2018-04-20,0.0,0.0
248,49809.0,0,2018-04-21,0.0,0.0
249,49809.0,0,2018-04-22,0.0,0.0
250,49809.0,0,2018-04-23,0.0,0.0
251,49809.0,0,2018-04-24,0.0,0.0
252,49809.0,0,2018-04-25,0.0,0.0
253,49809.0,0,2018-04-26,0.0,0.0
254,49809.0,0,2018-04-27,0.0,0.0
255,49809.0,0,2018-04-28,0.0,0.0
256,49809.0,0,2018-04-29,0.0,0.0
257,49809.0,0,2018-04-30,0.0,0.0
35,49809.0,S/2 FAROL METAL / CRISTAL BLANCO,2018-05-01,51.16,1.0
258,49809.0,0,2018-05-02,0.0,0.0
259,49809.0,0,2018-05-03,0.0,0.0
260,49809.0,0,2018-05-04,0.0,0.0
261,49809.0,0,2018-05-05,0.0,0.0
36,49809.0,S/2 FAROL METAL / CRISTAL BLANCO,2018-05-06,51.16,1.0
262,49809.0,0,2018-05-07,0.0,0.0
263,49809.0,0,2018-05-08,0.0,0.0
264,49809.0,0,2018-05-09,0.0,0.0
265,49809.0,0,2018-05-10,0.0,0.0
266,49809.0,0,2018-05-11,0.0,0.0
267,49809.0,0,2018-05-12,0.0,0.0
268,49809.0,0,2018-05-13,0.0,0.0
269,49809.0,0,2018-05-14,0.0,0.0
270,49809.0,0,2018-05-15,0.0,0.0
271,49809.0,0,2018-05-16,0.0,0.0
272,49809.0,0,2018-05-17,0.0,0.0
273,49809.0,0,2018-05-18,0.0,0.0
274,49809.0,0,2018-05-19,0.0,0.0
275,49809.0,0,2018-05-20,0.0,0.0
37,49809.0,S/2 FAROL METAL / CRISTAL BLANCO,2018-05-21,51.16,1.0
276,49809.0,0,2018-05-22,0.0,0.0
277,49809.0,0,2018-05-23,0.0,0.0
278,49809.0,0,2018-05-24,0.0,0.0
279,49809.0,0,2018-05-25,0.0,0.0
280,49809.0,0,2018-05-26,0.0,0.0
281,49809.0,0,2018-05-27,0.0,0.0
282,49809.0,0,2018-05-28,0.0,0.0
283,49809.0,0,2018-05-29,0.0,0.0
284,49809.0,0,2018-05-30,0.0,0.0
285,49809.0,0,2018-05-31,0.0,0.0
286,49809.0,0,2018-06-01,0.0,0.0
287,49809.0,0,2018-06-02,0.0,0.0
288,49809.0,0,2018-06-03,0.0,0.0
289,49809.0,0,2018-06-04,0.0,0.0
290,49809.0,0,2018-06-05,0.0,0.0
291,49809.0,0,2018-06-06,0.0,0.0
292,49809.0,0,2018-06-07,0.0,0.0
293,49809.0,0,2018-06-08,0.0,0.0
294,49809.0,0,2018-06-09,0.0,0.0
295,49809.0,0,2018-06-10,0.0,0.0
296,49809.0,0,2018-06-11,0.0,0.0
297,49809.0,0,2018-06-12,0.0,0.0
298,49809.0,0,2018-06-13,0.0,0.0
299,49809.0,0,2018-06-14,0.0,0.0
300,49809.0,0,2018-06-15,0.0,0.0
301,49809.0,0,2018-06-16,0.0,0.0
302,49809.0,0,2018-06-17,0.0,0.0
303,49809.0,0,2018-06-18,0.0,0.0
304,49809.0,0,2018-06-19,0.0,0.0
305,49809.0,0,2018-06-20,0.0,0.0
306,49809.0,0,2018-06-21,0.0,0.0
307,49809.0,0,2018-06-22,0.0,0.0
308,49809.0,0,2018-06-23,0.0,0.0
309,49809.0,0,2018-06-24,0.0,0.0
310,49809.0,0,2018-06-25,0.0,0.0
311,49809.0,0,2018-06-26,0.0,0.0
312,49809.0,0,2018-06-27,0.0,0.0
38,49809.0,S/2 FAROL METAL / CRISTAL BLANCO,2018-06-28,51.16,1.0
313,49809.0,0,2018-06-29,0.0,0.0
314,49809.0,0,2018-06-30,0.0,0.0
315,49809.0,0,2018-07-01,0.0,0.0
316,49809.0,0,2018-07-02,0.0,0.0
317,49809.0,0,2018-07-03,0.0,0.0
318,49809.0,0,2018-07-04,0.0,0.0
319,49809.0,0,2018-07-05,0.0,0.0
320,49809.0,0,2018-07-06,0.0,0.0
321,49809.0,0,2018-07-07,0.0,0.0
322,49809.0,0,2018-07-08,0.0,0.0
323,49809.0,0,2018-07-09,0.0,0.0
39,49809.0,S/2 FAROL METAL / CRISTAL BLANCO,2018-07-10,153.48,3.0
324,49809.0,0,2018-07-11,0.0,0.0
325,49809.0,0,2018-07-12,0.0,0.0
326,49809.0,0,2018-07-13,0.0,0.0
40,49809.0,S/2 FAROL METAL / CRISTAL BLANCO,2018-07-14,51.16,1.0
327,49809.0,0,2018-07-15,0.0,0.0
328,49809.0,0,2018-07-16,0.0,0.0
329,49809.0,0,2018-07-17,0.0,0.0
330,49809.0,0,2018-07-18,0.0,0.0
331,49809.0,0,2018-07-19,0.0,0.0
332,49809.0,0,2018-07-20,0.0,0.0
333,49809.0,0,2018-07-21,0.0,0.0
334,49809.0,0,2018-07-22,0.0,0.0
335,49809.0,0,2018-07-23,0.0,0.0
336,49809.0,0,2018-07-24,0.0,0.0
337,49809.0,0,2018-07-25,0.0,0.0
338,49809.0,0,2018-07-26,0.0,0.0
339,49809.0,0,2018-07-27,0.0,0.0
340,49809.0,0,2018-07-28,0.0,0.0
341,49809.0,0,2018-07-29,0.0,0.0
342,49809.0,0,2018-07-30,0.0,0.0
343,49809.0,0,2018-07-31,0.0,0.0
344,49809.0,0,2018-08-01,0.0,0.0
345,49809.0,0,2018-08-02,0.0,0.0
346,49809.0,0,2018-08-03,0.0,0.0
347,49809.0,0,2018-08-04,0.0,0.0
348,49809.0,0,2018-08-05,0.0,0.0
349,49809.0,0,2018-08-06,0.0,0.0
350,49809.0,0,2018-08-07,0.0,0.0
351,49809.0,0,2018-08-08,0.0,0.0
352,49809.0,0,2018-08-09,0.0,0.0
353,49809.0,0,2018-08-10,0.0,0.0
354,49809.0,0,2018-08-11,0.0,0.0
355,49809.0,0,2018-08-12,0.0,0.0
356,49809.0,0,2018-08-13,0.0,0.0
357,49809.0,0,2018-08-14,0.0,0.0
358,49809.0,0,2018-08-15,0.0,0.0
359,49809.0,0,2018-08-16,0.0,0.0
360,49809.0,0,2018-08-17,0.0,0.0
361,49809.0,0,2018-08-18,0.0,0.0
362,49809.0,0,2018-08-19,0.0,0.0
363,49809.0,0,2018-08-20,0.0,0.0
364,49809.0,0,2018-08-21,0.0,0.0
365,49809.0,0,2018-08-22,0.0,0.0
366,49809.0,0,2018-08-23,0.0,0.0
367,49809.0,0,2018-08-24,0.0,0.0
368,49809.0,0,2018-08-25,0.0,0.0
369,49809.0,0,2018-08-26,0.0,0.0
370,49809.0,0,2018-08-27,0.0,0.0
371,49809.0,0,2018-08-28,0.0,0.0
372,49809.0,0,2018-08-29,0.0,0.0
373,49809.0,0,2018-08-30,0.0,0.0
374,49809.0,0,2018-08-31,0.0,0.0
375,49809.0,0,2018-09-01,0.0,0.0
376,49809.0,0,2018-09-02,0.0,0.0
377,49809.0,0,2018-09-03,0.0,0.0
378,49809.0,0,2018-09-04,0.0,0.0
379,49809.0,0,2018-09-05,0.0,0.0
380,49809.0,0,2018-09-06,0.0,0.0
381,49809.0,0,2018-09-07,0.0,0.0
382,49809.0,0,2018-09-08,0.0,0.0
383,49809.0,0,2018-09-09,0.0,0.0
384,49809.0,0,2018-09-10,0.0,0.0
385,49809.0,0,2018-09-11,0.0,0.0
386,49809.0,0,2018-09-12,0.0,0.0
387,49809.0,0,2018-09-13,0.0,0.0
388,49809.0,0,2018-09-14,0.0,0.0
389,49809.0,0,2018-09-15,0.0,0.0
390,49809.0,0,2018-09-16,0.0,0.0
391,49809.0,0,2018-09-17,0.0,0.0
392,49809.0,0,2018-09-18,0.0,0.0
393,49809.0,0,2018-09-19,0.0,0.0
394,49809.0,0,2018-09-20,0.0,0.0
395,49809.0,0,2018-09-21,0.0,0.0
396,49809.0,0,2018-09-22,0.0,0.0
397,49809.0,0,2018-09-23,0.0,0.0
398,49809.0,0,2018-09-24,0.0,0.0
399,49809.0,0,2018-09-25,0.0,0.0
400,49809.0,0,2018-09-26,0.0,0.0
401,49809.0,0,2018-09-27,0.0,0.0
402,49809.0,0,2018-09-28,0.0,0.0
403,49809.0,0,2018-09-29,0.0,0.0
404,49809.0,0,2018-09-30,0.0,0.0
405,49809.0,0,2018-10-01,0.0,0.0
406,49809.0,0,2018-10-02,0.0,0.0
407,49809.0,0,2018-10-03,0.0,0.0
408,49809.0,0,2018-10-04,0.0,0.0
409,49809.0,0,2018-10-05,0.0,0.0
410,49809.0,0,2018-10-06,0.0,0.0
411,49809.0,0,2018-10-07,0.0,0.0
412,49809.0,0,2018-10-08,0.0,0.0
413,49809.0,0,2018-10-09,0.0,0.0
414,49809.0,0,2018-10-10,0.0,0.0
415,49809.0,0,2018-10-11,0.0,0.0
416,49809.0,0,2018-10-12,0.0,0.0
417,49809.0,0,2018-10-13,0.0,0.0
418,49809.0,0,2018-10-14,0.0,0.0
419,49809.0,0,2018-10-15,0.0,0.0
420,49809.0,0,2018-10-16,0.0,0.0
421,49809.0,0,2018-10-17,0.0,0.0
422,49809.0,0,2018-10-18,0.0,0.0
423,49809.0,0,2018-10-19,0.0,0.0
424,49809.0,0,2018-10-20,0.0,0.0
425,49809.0,0,2018-10-21,0.0,0.0
426,49809.0,0,2018-10-22,0.0,0.0
427,49809.0,0,2018-10-23,0.0,0.0
428,49809.0,0,2018-10-24,0.0,0.0
429,49809.0,0,2018-10-25,0.0,0.0
430,49809.0,0,2018-10-26,0.0,0.0
431,49809.0,0,2018-10-27,0.0,0.0
432,49809.0,0,2018-10-28,0.0,0.0
41,49809.0,S/2 FAROL METAL / CRISTAL BLANCO,2018-10-29,102.32,2.0
433,49809.0,0,2018-10-30,0.0,0.0
434,49809.0,0,2018-10-31,0.0,0.0
435,49809.0,0,2018-11-01,0.0,0.0
436,49809.0,0,2018-11-02,0.0,0.0
437,49809.0,0,2018-11-03,0.0,0.0
438,49809.0,0,2018-11-04,0.0,0.0
439,49809.0,0,2018-11-05,0.0,0.0
440,49809.0,0,2018-11-06,0.0,0.0
441,49809.0,0,2018-11-07,0.0,0.0
442,49809.0,0,2018-11-08,0.0,0.0
443,49809.0,0,2018-11-09,0.0,0.0
444,49809.0,0,2018-11-10,0.0,0.0
445,49809.0,0,2018-11-11,0.0,0.0
446,49809.0,0,2018-11-12,0.0,0.0
447,49809.0,0,2018-11-13,0.0,0.0
448,49809.0,0,2018-11-14,0.0,0.0
449,49809.0,0,2018-11-15,0.0,0.0
450,49809.0,0,2018-11-16,0.0,0.0
451,49809.0,0,2018-11-17,0.0,0.0
452,49809.0,0,2018-11-18,0.0,0.0
453,49809.0,0,2018-11-19,0.0,0.0
454,49809.0,0,2018-11-20,0.0,0.0
455,49809.0,0,2018-11-21,0.0,0.0
456,49809.0,0,2018-11-22,0.0,0.0
457,49809.0,0,2018-11-23,0.0,0.0
458,49809.0,0,2018-11-24,0.0,0.0
459,49809.0,0,2018-11-25,0.0,0.0
460,49809.0,0,2018-11-26,0.0,0.0
461,49809.0,0,2018-11-27,0.0,0.0
462,49809.0,0,2018-11-28,0.0,0.0
463,49809.0,0,2018-11-29,0.0,0.0
464,49809.0,0,2018-11-30,0.0,0.0
465,49809.0,0,2018-12-01,0.0,0.0
466,49809.0,0,2018-12-02,0.0,0.0
467,49809.0,0,2018-12-03,0.0,0.0
468,49809.0,0,2018-12-04,0.0,0.0
42,49809.0,S/2 FAROL METAL / CRISTAL BLANCO,2018-12-05,51.16,1.0
469,49809.0,0,2018-12-06,0.0,0.0
470,49809.0,0,2018-12-07,0.0,0.0
471,49809.0,0,2018-12-08,0.0,0.0
472,49809.0,0,2018-12-09,0.0,0.0
473,49809.0,0,2018-12-10,0.0,0.0
474,49809.0,0,2018-12-11,0.0,0.0
475,49809.0,0,2018-12-12,0.0,0.0
43,49809.0,S/2 FAROL METAL / CRISTAL BLANCO,2018-12-13,51.16,1.0
476,49809.0,0,2018-12-14,0.0,0.0
477,49809.0,0,2018-12-15,0.0,0.0
478,49809.0,0,2018-12-16,0.0,0.0
479,49809.0,0,2018-12-17,0.0,0.0
480,49809.0,0,2018-12-18,0.0,0.0
481,49809.0,0,2018-12-19,0.0,0.0
482,49809.0,0,2018-12-20,0.0,0.0
483,49809.0,0,2018-12-21,0.0,0.0
484,49809.0,0,2018-12-22,0.0,0.0
485,49809.0,0,2018-12-23,0.0,0.0
486,49809.0,0,2018-12-24,0.0,0.0
487,49809.0,0,2018-12-25,0.0,0.0
488,49809.0,0,2018-12-26,0.0,0.0
489,49809.0,0,2018-12-27,0.0,0.0
490,49809.0,0,2018-12-28,0.0,0.0
491,49809.0,0,2018-12-29,0.0,0.0
492,49809.0,0,2018-12-30,0.0,0.0
493,49809.0,0,2018-12-31,0.0,0.0
494,49809.0,0,2019-01-01,0.0,0.0
495,49809.0,0,2019-01-02,0.0,0.0
496,49809.0,0,2019-01-03,0.0,0.0
497,49809.0,0,2019-01-04,0.0,0.0
498,49809.0,0,2019-01-05,0.0,0.0
499,49809.0,0,2019-01-06,0.0,0.0
44,49809.0,S/2 FAROL METAL / CRISTAL BLANCO,2019-01-07,46.03,1.0
500,49809.0,0,2019-01-08,0.0,0.0
501,49809.0,0,2019-01-09,0.0,0.0
45,49809.0,S/2 FAROL METAL / CRISTAL BLANCO,2019-01-10,46.03,1.0
502,49809.0,0,2019-01-11,0.0,0.0
503,49809.0,0,2019-01-12,0.0,0.0
504,49809.0,0,2019-01-13,0.0,0.0
505,49809.0,0,2019-01-14,0.0,0.0
46,49809.0,S/2 FAROL METAL / CRISTAL BLANCO,2019-01-15,46.04,1.0
506,49809.0,0,2019-01-16,0.0,0.0
47,49809.0,S/2 FAROL METAL / CRISTAL BLANCO,2019-01-17,46.04,1.0
507,49809.0,0,2019-01-18,0.0,0.0
508,49809.0,0,2019-01-19,0.0,0.0
509,49809.0,0,2019-01-20,0.0,0.0
510,49809.0,0,2019-01-21,0.0,0.0
511,49809.0,0,2019-01-22,0.0,0.0
512,49809.0,0,2019-01-23,0.0,0.0
513,49809.0,0,2019-01-24,0.0,0.0
514,49809.0,0,2019-01-25,0.0,0.0
515,49809.0,0,2019-01-26,0.0,0.0
516,49809.0,0,2019-01-27,0.0,0.0
48,49809.0,S/2 FAROL METAL / CRISTAL BLANCO,2019-01-28,46.03,1.0
517,49809.0,0,2019-01-29,0.0,0.0
518,49809.0,0,2019-01-30,0.0,0.0
49,49809.0,S/2 FAROL METAL / CRISTAL BLANCO,2019-01-31,41.43,1.0
519,49809.0,0,2019-02-01,0.0,0.0
520,49809.0,0,2019-02-02,0.0,0.0
521,49809.0,0,2019-02-03,0.0,0.0
522,49809.0,0,2019-02-04,0.0,0.0
523,49809.0,0,2019-02-05,0.0,0.0
524,49809.0,0,2019-02-06,0.0,0.0
525,49809.0,0,2019-02-07,0.0,0.0
526,49809.0,0,2019-02-08,0.0,0.0
527,49809.0,0,2019-02-09,0.0,0.0
528,49809.0,0,2019-02-10,0.0,0.0
529,49809.0,0,2019-02-11,0.0,0.0
530,49809.0,0,2019-02-12,0.0,0.0
531,49809.0,0,2019-02-13,0.0,0.0
532,49809.0,0,2019-02-14,0.0,0.0
533,49809.0,0,2019-02-15,0.0,0.0
534,49809.0,0,2019-02-16,0.0,0.0
535,49809.0,0,2019-02-17,0.0,0.0
50,49809.0,S/2 FAROL METAL / CRISTAL BLANCO,2019-02-18,43.47,1.0
536,49809.0,0,2019-02-19,0.0,0.0
537,49809.0,0,2019-02-20,0.0,0.0
538,49809.0,0,2019-02-21,0.0,0.0
539,49809.0,0,2019-02-22,0.0,0.0
540,49809.0,0,2019-02-23,0.0,0.0
541,49809.0,0,2019-02-24,0.0,0.0
542,49809.0,0,2019-02-25,0.0,0.0
543,49809.0,0,2019-02-26,0.0,0.0
544,49809.0,0,2019-02-27,0.0,0.0
545,49809.0,0,2019-02-28,0.0,0.0
546,49809.0,0,2019-03-01,0.0,0.0
547,49809.0,0,2019-03-02,0.0,0.0
548,49809.0,0,2019-03-03,0.0,0.0
549,49809.0,0,2019-03-04,0.0,0.0
550,49809.0,0,2019-03-05,0.0,0.0
551,49809.0,0,2019-03-06,0.0,0.0
552,49809.0,0,2019-03-07,0.0,0.0
553,49809.0,0,2019-03-08,0.0,0.0
554,49809.0,0,2019-03-09,0.0,0.0
555,49809.0,0,2019-03-10,0.0,0.0
556,49809.0,0,2019-03-11,0.0,0.0
557,49809.0,0,2019-03-12,0.0,0.0
558,49809.0,0,2019-03-13,0.0,0.0
559,49809.0,0,2019-03-14,0.0,0.0
560,49809.0,0,2019-03-15,0.0,0.0
561,49809.0,0,2019-03-16,0.0,0.0
562,49809.0,0,2019-03-17,0.0,0.0
563,49809.0,0,2019-03-18,0.0,0.0
564,49809.0,0,2019-03-19,0.0,0.0
565,49809.0,0,2019-03-20,0.0,0.0
566,49809.0,0,2019-03-21,0.0,0.0
567,49809.0,0,2019-03-22,0.0,0.0
568,49809.0,0,2019-03-23,0.0,0.0
569,49809.0,0,2019-03-24,0.0,0.0
570,49809.0,0,2019-03-25,0.0,0.0
571,49809.0,0,2019-03-26,0.0,0.0
572,49809.0,0,2019-03-27,0.0,0.0
573,49809.0,0,2019-03-28,0.0,0.0
574,49809.0,0,2019-03-29,0.0,0.0
51,49809.0,S/2 FAROL METAL / CRISTAL BLANCO,2019-03-30,102.32,2.0
575,49809.0,0,2019-03-31,0.0,0.0
