,Reference,Name,Dates,Net_Incomes,Units_Sold
46,51140.0,0,2017-09-02,0.0,0.0
47,51140.0,0,2017-09-03,0.0,0.0
48,51140.0,0,2017-09-04,0.0,0.0
49,51140.0,0,2017-09-05,0.0,0.0
50,51140.0,0,2017-09-06,0.0,0.0
51,51140.0,0,2017-09-07,0.0,0.0
52,51140.0,0,2017-09-08,0.0,0.0
53,51140.0,0,2017-09-09,0.0,0.0
54,51140.0,0,2017-09-10,0.0,0.0
55,51140.0,0,2017-09-11,0.0,0.0
56,51140.0,0,2017-09-12,0.0,0.0
57,51140.0,0,2017-09-13,0.0,0.0
58,51140.0,0,2017-09-14,0.0,0.0
59,51140.0,0,2017-09-15,0.0,0.0
60,51140.0,0,2017-09-16,0.0,0.0
61,51140.0,0,2017-09-17,0.0,0.0
62,51140.0,0,2017-09-18,0.0,0.0
63,51140.0,0,2017-09-19,0.0,0.0
64,51140.0,0,2017-09-20,0.0,0.0
65,51140.0,0,2017-09-21,0.0,0.0
66,51140.0,0,2017-09-22,0.0,0.0
67,51140.0,0,2017-09-23,0.0,0.0
68,51140.0,0,2017-09-24,0.0,0.0
69,51140.0,0,2017-09-25,0.0,0.0
70,51140.0,0,2017-09-26,0.0,0.0
71,51140.0,0,2017-09-27,0.0,0.0
72,51140.0,0,2017-09-28,0.0,0.0
0,51140.0,MESITA 2 PUERTAS Y 1 CAJÓN NEGRO,2017-09-29,176.89,2.0
73,51140.0,0,2017-09-30,0.0,0.0
74,51140.0,0,2017-10-01,0.0,0.0
75,51140.0,0,2017-10-02,0.0,0.0
76,51140.0,0,2017-10-03,0.0,0.0
77,51140.0,0,2017-10-04,0.0,0.0
78,51140.0,0,2017-10-05,0.0,0.0
79,51140.0,0,2017-10-06,0.0,0.0
80,51140.0,0,2017-10-07,0.0,0.0
1,51140.0,MESITA 2 PUERTAS Y 1 CAJÓN NEGRO,2017-10-08,265.33,3.0
81,51140.0,0,2017-10-09,0.0,0.0
82,51140.0,0,2017-10-10,0.0,0.0
83,51140.0,0,2017-10-11,0.0,0.0
84,51140.0,0,2017-10-12,0.0,0.0
85,51140.0,0,2017-10-13,0.0,0.0
86,51140.0,0,2017-10-14,0.0,0.0
87,51140.0,0,2017-10-15,0.0,0.0
2,51140.0,MESITA 2 PUERTAS Y 1 CAJÓN NEGRO,2017-10-16,176.89,2.0
88,51140.0,0,2017-10-17,0.0,0.0
89,51140.0,0,2017-10-18,0.0,0.0
90,51140.0,0,2017-10-19,0.0,0.0
91,51140.0,0,2017-10-20,0.0,0.0
92,51140.0,0,2017-10-21,0.0,0.0
93,51140.0,0,2017-10-22,0.0,0.0
94,51140.0,0,2017-10-23,0.0,0.0
95,51140.0,0,2017-10-24,0.0,0.0
96,51140.0,0,2017-10-25,0.0,0.0
97,51140.0,0,2017-10-26,0.0,0.0
98,51140.0,0,2017-10-27,0.0,0.0
99,51140.0,0,2017-10-28,0.0,0.0
100,51140.0,0,2017-10-29,0.0,0.0
101,51140.0,0,2017-10-30,0.0,0.0
102,51140.0,0,2017-10-31,0.0,0.0
103,51140.0,0,2017-11-01,0.0,0.0
104,51140.0,0,2017-11-02,0.0,0.0
105,51140.0,0,2017-11-03,0.0,0.0
106,51140.0,0,2017-11-04,0.0,0.0
107,51140.0,0,2017-11-05,0.0,0.0
108,51140.0,0,2017-11-06,0.0,0.0
109,51140.0,0,2017-11-07,0.0,0.0
110,51140.0,0,2017-11-08,0.0,0.0
111,51140.0,0,2017-11-09,0.0,0.0
112,51140.0,0,2017-11-10,0.0,0.0
113,51140.0,0,2017-11-11,0.0,0.0
114,51140.0,0,2017-11-12,0.0,0.0
3,51140.0,MESITA 2 PUERTAS Y 1 CAJÓN NEGRO,2017-11-13,88.44,1.0
4,51140.0,MESITA 2 PUERTAS Y 1 CAJÓN NEGRO,2017-11-14,104.05,1.0
115,51140.0,0,2017-11-15,0.0,0.0
116,51140.0,0,2017-11-16,0.0,0.0
117,51140.0,0,2017-11-17,0.0,0.0
118,51140.0,0,2017-11-18,0.0,0.0
119,51140.0,0,2017-11-19,0.0,0.0
120,51140.0,0,2017-11-20,0.0,0.0
121,51140.0,0,2017-11-21,0.0,0.0
122,51140.0,0,2017-11-22,0.0,0.0
5,51140.0,MESITA 2 PUERTAS Y 1 CAJÓN NEGRO,2017-11-23,176.89,2.0
123,51140.0,0,2017-11-24,0.0,0.0
124,51140.0,0,2017-11-25,0.0,0.0
125,51140.0,0,2017-11-26,0.0,0.0
126,51140.0,0,2017-11-27,0.0,0.0
127,51140.0,0,2017-11-28,0.0,0.0
128,51140.0,0,2017-11-29,0.0,0.0
129,51140.0,0,2017-11-30,0.0,0.0
130,51140.0,0,2017-12-01,0.0,0.0
131,51140.0,0,2017-12-02,0.0,0.0
132,51140.0,0,2017-12-03,0.0,0.0
133,51140.0,0,2017-12-04,0.0,0.0
134,51140.0,0,2017-12-05,0.0,0.0
135,51140.0,0,2017-12-06,0.0,0.0
136,51140.0,0,2017-12-07,0.0,0.0
137,51140.0,0,2017-12-08,0.0,0.0
138,51140.0,0,2017-12-09,0.0,0.0
139,51140.0,0,2017-12-10,0.0,0.0
140,51140.0,0,2017-12-11,0.0,0.0
141,51140.0,0,2017-12-12,0.0,0.0
142,51140.0,0,2017-12-13,0.0,0.0
143,51140.0,0,2017-12-14,0.0,0.0
144,51140.0,0,2017-12-15,0.0,0.0
145,51140.0,0,2017-12-16,0.0,0.0
146,51140.0,0,2017-12-17,0.0,0.0
147,51140.0,0,2017-12-18,0.0,0.0
148,51140.0,0,2017-12-19,0.0,0.0
149,51140.0,0,2017-12-20,0.0,0.0
150,51140.0,0,2017-12-21,0.0,0.0
151,51140.0,0,2017-12-22,0.0,0.0
152,51140.0,0,2017-12-23,0.0,0.0
153,51140.0,0,2017-12-24,0.0,0.0
154,51140.0,0,2017-12-25,0.0,0.0
155,51140.0,0,2017-12-26,0.0,0.0
156,51140.0,0,2017-12-27,0.0,0.0
157,51140.0,0,2017-12-28,0.0,0.0
158,51140.0,0,2017-12-29,0.0,0.0
159,51140.0,0,2017-12-30,0.0,0.0
160,51140.0,0,2017-12-31,0.0,0.0
161,51140.0,0,2018-01-01,0.0,0.0
162,51140.0,0,2018-01-02,0.0,0.0
163,51140.0,0,2018-01-03,0.0,0.0
164,51140.0,0,2018-01-04,0.0,0.0
165,51140.0,0,2018-01-05,0.0,0.0
166,51140.0,0,2018-01-06,0.0,0.0
167,51140.0,0,2018-01-07,0.0,0.0
168,51140.0,0,2018-01-08,0.0,0.0
169,51140.0,0,2018-01-09,0.0,0.0
170,51140.0,0,2018-01-10,0.0,0.0
171,51140.0,0,2018-01-11,0.0,0.0
172,51140.0,0,2018-01-12,0.0,0.0
173,51140.0,0,2018-01-13,0.0,0.0
174,51140.0,0,2018-01-14,0.0,0.0
175,51140.0,0,2018-01-15,0.0,0.0
176,51140.0,0,2018-01-16,0.0,0.0
177,51140.0,0,2018-01-17,0.0,0.0
178,51140.0,0,2018-01-18,0.0,0.0
179,51140.0,0,2018-01-19,0.0,0.0
180,51140.0,0,2018-01-20,0.0,0.0
181,51140.0,0,2018-01-21,0.0,0.0
182,51140.0,0,2018-01-22,0.0,0.0
183,51140.0,0,2018-01-23,0.0,0.0
184,51140.0,0,2018-01-24,0.0,0.0
185,51140.0,0,2018-01-25,0.0,0.0
186,51140.0,0,2018-01-26,0.0,0.0
187,51140.0,0,2018-01-27,0.0,0.0
188,51140.0,0,2018-01-28,0.0,0.0
189,51140.0,0,2018-01-29,0.0,0.0
190,51140.0,0,2018-01-30,0.0,0.0
191,51140.0,0,2018-01-31,0.0,0.0
192,51140.0,0,2018-02-01,0.0,0.0
193,51140.0,0,2018-02-02,0.0,0.0
194,51140.0,0,2018-02-03,0.0,0.0
195,51140.0,0,2018-02-04,0.0,0.0
196,51140.0,0,2018-02-05,0.0,0.0
197,51140.0,0,2018-02-06,0.0,0.0
198,51140.0,0,2018-02-07,0.0,0.0
6,51140.0,MESITA 2 PUERTAS Y 1 CAJÓN NEGRO,2018-02-08,156.03,2.0
199,51140.0,0,2018-02-09,0.0,0.0
200,51140.0,0,2018-02-10,0.0,0.0
201,51140.0,0,2018-02-11,0.0,0.0
202,51140.0,0,2018-02-12,0.0,0.0
203,51140.0,0,2018-02-13,0.0,0.0
204,51140.0,0,2018-02-14,0.0,0.0
205,51140.0,0,2018-02-15,0.0,0.0
206,51140.0,0,2018-02-16,0.0,0.0
207,51140.0,0,2018-02-17,0.0,0.0
208,51140.0,0,2018-02-18,0.0,0.0
209,51140.0,0,2018-02-19,0.0,0.0
210,51140.0,0,2018-02-20,0.0,0.0
211,51140.0,0,2018-02-21,0.0,0.0
212,51140.0,0,2018-02-22,0.0,0.0
213,51140.0,0,2018-02-23,0.0,0.0
214,51140.0,0,2018-02-24,0.0,0.0
215,51140.0,0,2018-02-25,0.0,0.0
216,51140.0,0,2018-02-26,0.0,0.0
217,51140.0,0,2018-02-27,0.0,0.0
218,51140.0,0,2018-02-28,0.0,0.0
219,51140.0,0,2018-03-01,0.0,0.0
220,51140.0,0,2018-03-02,0.0,0.0
221,51140.0,0,2018-03-03,0.0,0.0
222,51140.0,0,2018-03-04,0.0,0.0
223,51140.0,0,2018-03-05,0.0,0.0
224,51140.0,0,2018-03-06,0.0,0.0
225,51140.0,0,2018-03-07,0.0,0.0
226,51140.0,0,2018-03-08,0.0,0.0
227,51140.0,0,2018-03-09,0.0,0.0
228,51140.0,0,2018-03-10,0.0,0.0
229,51140.0,0,2018-03-11,0.0,0.0
230,51140.0,0,2018-03-12,0.0,0.0
231,51140.0,0,2018-03-13,0.0,0.0
232,51140.0,0,2018-03-14,0.0,0.0
7,51140.0,MESITA 2 PUERTAS Y 1 CAJÓN NEGRO,2018-03-15,104.05,1.0
233,51140.0,0,2018-03-16,0.0,0.0
234,51140.0,0,2018-03-17,0.0,0.0
235,51140.0,0,2018-03-18,0.0,0.0
236,51140.0,0,2018-03-19,0.0,0.0
237,51140.0,0,2018-03-20,0.0,0.0
238,51140.0,0,2018-03-21,0.0,0.0
239,51140.0,0,2018-03-22,0.0,0.0
240,51140.0,0,2018-03-23,0.0,0.0
241,51140.0,0,2018-03-24,0.0,0.0
242,51140.0,0,2018-03-25,0.0,0.0
243,51140.0,0,2018-03-26,0.0,0.0
244,51140.0,0,2018-03-27,0.0,0.0
245,51140.0,0,2018-03-28,0.0,0.0
246,51140.0,0,2018-03-29,0.0,0.0
247,51140.0,0,2018-03-30,0.0,0.0
248,51140.0,0,2018-03-31,0.0,0.0
249,51140.0,0,2018-04-01,0.0,0.0
250,51140.0,0,2018-04-02,0.0,0.0
251,51140.0,0,2018-04-03,0.0,0.0
8,51140.0,MESITA 2 PUERTAS Y 1 CAJÓN NEGRO,2018-04-04,104.05,1.0
252,51140.0,0,2018-04-05,0.0,0.0
253,51140.0,0,2018-04-06,0.0,0.0
254,51140.0,0,2018-04-07,0.0,0.0
9,51140.0,MESITA 2 PUERTAS Y 1 CAJÓN NEGRO,2018-04-08,208.1,2.0
10,51140.0,MESITA 2 PUERTAS Y 1 CAJÓN NEGRO,2018-04-09,208.1,2.0
11,51140.0,MESITA 2 PUERTAS Y 1 CAJÓN NEGRO,2018-04-10,208.1,2.0
255,51140.0,0,2018-04-11,0.0,0.0
12,51140.0,MESITA 2 PUERTAS Y 1 CAJÓN NEGRO,2018-04-12,104.05,1.0
256,51140.0,0,2018-04-13,0.0,0.0
257,51140.0,0,2018-04-14,0.0,0.0
258,51140.0,0,2018-04-15,0.0,0.0
259,51140.0,0,2018-04-16,0.0,0.0
260,51140.0,0,2018-04-17,0.0,0.0
261,51140.0,0,2018-04-18,0.0,0.0
262,51140.0,0,2018-04-19,0.0,0.0
263,51140.0,0,2018-04-20,0.0,0.0
264,51140.0,0,2018-04-21,0.0,0.0
265,51140.0,0,2018-04-22,0.0,0.0
266,51140.0,0,2018-04-23,0.0,0.0
267,51140.0,0,2018-04-24,0.0,0.0
268,51140.0,0,2018-04-25,0.0,0.0
269,51140.0,0,2018-04-26,0.0,0.0
270,51140.0,0,2018-04-27,0.0,0.0
271,51140.0,0,2018-04-28,0.0,0.0
272,51140.0,0,2018-04-29,0.0,0.0
273,51140.0,0,2018-04-30,0.0,0.0
274,51140.0,0,2018-05-01,0.0,0.0
275,51140.0,0,2018-05-02,0.0,0.0
276,51140.0,0,2018-05-03,0.0,0.0
277,51140.0,0,2018-05-04,0.0,0.0
278,51140.0,0,2018-05-05,0.0,0.0
279,51140.0,0,2018-05-06,0.0,0.0
280,51140.0,0,2018-05-07,0.0,0.0
281,51140.0,0,2018-05-08,0.0,0.0
282,51140.0,0,2018-05-09,0.0,0.0
283,51140.0,0,2018-05-10,0.0,0.0
284,51140.0,0,2018-05-11,0.0,0.0
285,51140.0,0,2018-05-12,0.0,0.0
286,51140.0,0,2018-05-13,0.0,0.0
287,51140.0,0,2018-05-14,0.0,0.0
288,51140.0,0,2018-05-15,0.0,0.0
289,51140.0,0,2018-05-16,0.0,0.0
290,51140.0,0,2018-05-17,0.0,0.0
291,51140.0,0,2018-05-18,0.0,0.0
292,51140.0,0,2018-05-19,0.0,0.0
293,51140.0,0,2018-05-20,0.0,0.0
294,51140.0,0,2018-05-21,0.0,0.0
295,51140.0,0,2018-05-22,0.0,0.0
296,51140.0,0,2018-05-23,0.0,0.0
297,51140.0,0,2018-05-24,0.0,0.0
298,51140.0,0,2018-05-25,0.0,0.0
299,51140.0,0,2018-05-26,0.0,0.0
300,51140.0,0,2018-05-27,0.0,0.0
301,51140.0,0,2018-05-28,0.0,0.0
302,51140.0,0,2018-05-29,0.0,0.0
13,51140.0,MESITA 2 PUERTAS Y 1 CAJÓN NEGRO,2018-05-30,104.05,1.0
14,51140.0,MESITA 2 PUERTAS Y 1 CAJÓN NEGRO,2018-05-31,187.29,2.0
303,51140.0,0,2018-06-01,0.0,0.0
304,51140.0,0,2018-06-02,0.0,0.0
305,51140.0,0,2018-06-03,0.0,0.0
306,51140.0,0,2018-06-04,0.0,0.0
307,51140.0,0,2018-06-05,0.0,0.0
308,51140.0,0,2018-06-06,0.0,0.0
309,51140.0,0,2018-06-07,0.0,0.0
310,51140.0,0,2018-06-08,0.0,0.0
311,51140.0,0,2018-06-09,0.0,0.0
312,51140.0,0,2018-06-10,0.0,0.0
15,51140.0,MESITA 2 PUERTAS Y 1 CAJÓN NEGRO,2018-06-11,104.05,1.0
313,51140.0,0,2018-06-12,0.0,0.0
314,51140.0,0,2018-06-13,0.0,0.0
315,51140.0,0,2018-06-14,0.0,0.0
316,51140.0,0,2018-06-15,0.0,0.0
317,51140.0,0,2018-06-16,0.0,0.0
318,51140.0,0,2018-06-17,0.0,0.0
319,51140.0,0,2018-06-18,0.0,0.0
320,51140.0,0,2018-06-19,0.0,0.0
321,51140.0,0,2018-06-20,0.0,0.0
322,51140.0,0,2018-06-21,0.0,0.0
323,51140.0,0,2018-06-22,0.0,0.0
324,51140.0,0,2018-06-23,0.0,0.0
16,51140.0,MESITA 2 PUERTAS Y 1 CAJÓN NEGRO,2018-06-24,104.05,1.0
17,51140.0,MESITA 2 PUERTAS Y 1 CAJÓN NEGRO,2018-06-25,208.1,2.0
325,51140.0,0,2018-06-26,0.0,0.0
326,51140.0,0,2018-06-27,0.0,0.0
327,51140.0,0,2018-06-28,0.0,0.0
328,51140.0,0,2018-06-29,0.0,0.0
329,51140.0,0,2018-06-30,0.0,0.0
330,51140.0,0,2018-07-01,0.0,0.0
331,51140.0,0,2018-07-02,0.0,0.0
332,51140.0,0,2018-07-03,0.0,0.0
333,51140.0,0,2018-07-04,0.0,0.0
334,51140.0,0,2018-07-05,0.0,0.0
335,51140.0,0,2018-07-06,0.0,0.0
336,51140.0,0,2018-07-07,0.0,0.0
18,51140.0,MESITA 2 PUERTAS Y 1 CAJÓN NEGRO,2018-07-08,104.05,1.0
337,51140.0,0,2018-07-09,0.0,0.0
338,51140.0,0,2018-07-10,0.0,0.0
339,51140.0,0,2018-07-11,0.0,0.0
340,51140.0,0,2018-07-12,0.0,0.0
341,51140.0,0,2018-07-13,0.0,0.0
342,51140.0,0,2018-07-14,0.0,0.0
343,51140.0,0,2018-07-15,0.0,0.0
344,51140.0,0,2018-07-16,0.0,0.0
19,51140.0,MESITA 2 PUERTAS Y 1 CAJÓN NEGRO,2018-07-17,104.05,1.0
345,51140.0,0,2018-07-18,0.0,0.0
346,51140.0,0,2018-07-19,0.0,0.0
347,51140.0,0,2018-07-20,0.0,0.0
348,51140.0,0,2018-07-21,0.0,0.0
349,51140.0,0,2018-07-22,0.0,0.0
350,51140.0,0,2018-07-23,0.0,0.0
351,51140.0,0,2018-07-24,0.0,0.0
352,51140.0,0,2018-07-25,0.0,0.0
353,51140.0,0,2018-07-26,0.0,0.0
354,51140.0,0,2018-07-27,0.0,0.0
355,51140.0,0,2018-07-28,0.0,0.0
356,51140.0,0,2018-07-29,0.0,0.0
357,51140.0,0,2018-07-30,0.0,0.0
358,51140.0,0,2018-07-31,0.0,0.0
359,51140.0,0,2018-08-01,0.0,0.0
20,51140.0,MESITA 2 PUERTAS Y 1 CAJÓN NEGRO,2018-08-02,208.1,2.0
360,51140.0,0,2018-08-03,0.0,0.0
361,51140.0,0,2018-08-04,0.0,0.0
362,51140.0,0,2018-08-05,0.0,0.0
363,51140.0,0,2018-08-06,0.0,0.0
364,51140.0,0,2018-08-07,0.0,0.0
21,51140.0,MESITA 2 PUERTAS Y 1 CAJÓN NEGRO,2018-08-08,104.05,1.0
365,51140.0,0,2018-08-09,0.0,0.0
366,51140.0,0,2018-08-10,0.0,0.0
367,51140.0,0,2018-08-11,0.0,0.0
368,51140.0,0,2018-08-12,0.0,0.0
369,51140.0,0,2018-08-13,0.0,0.0
370,51140.0,0,2018-08-14,0.0,0.0
371,51140.0,0,2018-08-15,0.0,0.0
372,51140.0,0,2018-08-16,0.0,0.0
373,51140.0,0,2018-08-17,0.0,0.0
374,51140.0,0,2018-08-18,0.0,0.0
375,51140.0,0,2018-08-19,0.0,0.0
22,51140.0,MESITA 2 PUERTAS Y 1 CAJÓN NEGRO,2018-08-20,104.05,1.0
376,51140.0,0,2018-08-21,0.0,0.0
377,51140.0,0,2018-08-22,0.0,0.0
378,51140.0,0,2018-08-23,0.0,0.0
379,51140.0,0,2018-08-24,0.0,0.0
23,51140.0,MESITA 2 PUERTAS Y 1 CAJÓN NEGRO,2018-08-25,104.05,1.0
380,51140.0,0,2018-08-26,0.0,0.0
381,51140.0,0,2018-08-27,0.0,0.0
382,51140.0,0,2018-08-28,0.0,0.0
383,51140.0,0,2018-08-29,0.0,0.0
384,51140.0,0,2018-08-30,0.0,0.0
24,51140.0,MESITA 2 PUERTAS Y 1 CAJÓN NEGRO,2018-08-31,208.1,2.0
385,51140.0,0,2018-09-01,0.0,0.0
386,51140.0,0,2018-09-02,0.0,0.0
387,51140.0,0,2018-09-03,0.0,0.0
388,51140.0,0,2018-09-04,0.0,0.0
389,51140.0,0,2018-09-05,0.0,0.0
390,51140.0,0,2018-09-06,0.0,0.0
391,51140.0,0,2018-09-07,0.0,0.0
392,51140.0,0,2018-09-08,0.0,0.0
393,51140.0,0,2018-09-09,0.0,0.0
25,51140.0,MESITA 2 PUERTAS Y 1 CAJÓN NEGRO,2018-09-10,104.05,1.0
394,51140.0,0,2018-09-11,0.0,0.0
395,51140.0,0,2018-09-12,0.0,0.0
396,51140.0,0,2018-09-13,0.0,0.0
397,51140.0,0,2018-09-14,0.0,0.0
398,51140.0,0,2018-09-15,0.0,0.0
26,51140.0,MESITA 2 PUERTAS Y 1 CAJÓN NEGRO,2018-09-16,312.15,3.0
399,51140.0,0,2018-09-17,0.0,0.0
400,51140.0,0,2018-09-18,0.0,0.0
401,51140.0,0,2018-09-19,0.0,0.0
402,51140.0,0,2018-09-20,0.0,0.0
403,51140.0,0,2018-09-21,0.0,0.0
27,51140.0,MESITA 2 PUERTAS Y 1 CAJÓN NEGRO,2018-09-22,187.29,2.0
28,51140.0,MESITA 2 PUERTAS Y 1 CAJÓN NEGRO,2018-09-23,93.64,1.0
404,51140.0,0,2018-09-24,0.0,0.0
405,51140.0,0,2018-09-25,0.0,0.0
406,51140.0,0,2018-09-26,0.0,0.0
407,51140.0,0,2018-09-27,0.0,0.0
408,51140.0,0,2018-09-28,0.0,0.0
409,51140.0,0,2018-09-29,0.0,0.0
410,51140.0,0,2018-09-30,0.0,0.0
29,51140.0,MESITA 2 PUERTAS Y 1 CAJÓN NEGRO,2018-10-01,93.64,1.0
411,51140.0,0,2018-10-02,0.0,0.0
412,51140.0,0,2018-10-03,0.0,0.0
413,51140.0,0,2018-10-04,0.0,0.0
414,51140.0,0,2018-10-05,0.0,0.0
415,51140.0,0,2018-10-06,0.0,0.0
416,51140.0,0,2018-10-07,0.0,0.0
417,51140.0,0,2018-10-08,0.0,0.0
30,51140.0,MESITA 2 PUERTAS Y 1 CAJÓN NEGRO,2018-10-09,280.93,3.0
418,51140.0,0,2018-10-10,0.0,0.0
419,51140.0,0,2018-10-11,0.0,0.0
420,51140.0,0,2018-10-12,0.0,0.0
421,51140.0,0,2018-10-13,0.0,0.0
422,51140.0,0,2018-10-14,0.0,0.0
423,51140.0,0,2018-10-15,0.0,0.0
424,51140.0,0,2018-10-16,0.0,0.0
425,51140.0,0,2018-10-17,0.0,0.0
426,51140.0,0,2018-10-18,0.0,0.0
427,51140.0,0,2018-10-19,0.0,0.0
428,51140.0,0,2018-10-20,0.0,0.0
429,51140.0,0,2018-10-21,0.0,0.0
430,51140.0,0,2018-10-22,0.0,0.0
31,51140.0,MESITA 2 PUERTAS Y 1 CAJÓN NEGRO,2018-10-23,208.1,2.0
431,51140.0,0,2018-10-24,0.0,0.0
432,51140.0,0,2018-10-25,0.0,0.0
433,51140.0,0,2018-10-26,0.0,0.0
434,51140.0,0,2018-10-27,0.0,0.0
435,51140.0,0,2018-10-28,0.0,0.0
436,51140.0,0,2018-10-29,0.0,0.0
437,51140.0,0,2018-10-30,0.0,0.0
438,51140.0,0,2018-10-31,0.0,0.0
439,51140.0,0,2018-11-01,0.0,0.0
32,51140.0,MESITA 2 PUERTAS Y 1 CAJÓN NEGRO,2018-11-02,208.1,2.0
440,51140.0,0,2018-11-03,0.0,0.0
441,51140.0,0,2018-11-04,0.0,0.0
442,51140.0,0,2018-11-05,0.0,0.0
443,51140.0,0,2018-11-06,0.0,0.0
444,51140.0,0,2018-11-07,0.0,0.0
445,51140.0,0,2018-11-08,0.0,0.0
446,51140.0,0,2018-11-09,0.0,0.0
447,51140.0,0,2018-11-10,0.0,0.0
448,51140.0,0,2018-11-11,0.0,0.0
449,51140.0,0,2018-11-12,0.0,0.0
450,51140.0,0,2018-11-13,0.0,0.0
451,51140.0,0,2018-11-14,0.0,0.0
452,51140.0,0,2018-11-15,0.0,0.0
453,51140.0,0,2018-11-16,0.0,0.0
454,51140.0,0,2018-11-17,0.0,0.0
455,51140.0,0,2018-11-18,0.0,0.0
33,51140.0,MESITA 2 PUERTAS Y 1 CAJÓN NEGRO,2018-11-19,187.29,2.0
34,51140.0,MESITA 2 PUERTAS Y 1 CAJÓN NEGRO,2018-11-20,104.05,1.0
456,51140.0,0,2018-11-21,0.0,0.0
457,51140.0,0,2018-11-22,0.0,0.0
458,51140.0,0,2018-11-23,0.0,0.0
459,51140.0,0,2018-11-24,0.0,0.0
460,51140.0,0,2018-11-25,0.0,0.0
461,51140.0,0,2018-11-26,0.0,0.0
462,51140.0,0,2018-11-27,0.0,0.0
463,51140.0,0,2018-11-28,0.0,0.0
464,51140.0,0,2018-11-29,0.0,0.0
465,51140.0,0,2018-11-30,0.0,0.0
466,51140.0,0,2018-12-01,0.0,0.0
467,51140.0,0,2018-12-02,0.0,0.0
468,51140.0,0,2018-12-03,0.0,0.0
469,51140.0,0,2018-12-04,0.0,0.0
470,51140.0,0,2018-12-05,0.0,0.0
471,51140.0,0,2018-12-06,0.0,0.0
472,51140.0,0,2018-12-07,0.0,0.0
473,51140.0,0,2018-12-08,0.0,0.0
474,51140.0,0,2018-12-09,0.0,0.0
475,51140.0,0,2018-12-10,0.0,0.0
476,51140.0,0,2018-12-11,0.0,0.0
477,51140.0,0,2018-12-12,0.0,0.0
478,51140.0,0,2018-12-13,0.0,0.0
479,51140.0,0,2018-12-14,0.0,0.0
480,51140.0,0,2018-12-15,0.0,0.0
481,51140.0,0,2018-12-16,0.0,0.0
35,51140.0,MESITA 2 PUERTAS Y 1 CAJÓN NEGRO,2018-12-17,104.05,1.0
482,51140.0,0,2018-12-18,0.0,0.0
483,51140.0,0,2018-12-19,0.0,0.0
484,51140.0,0,2018-12-20,0.0,0.0
485,51140.0,0,2018-12-21,0.0,0.0
486,51140.0,0,2018-12-22,0.0,0.0
487,51140.0,0,2018-12-23,0.0,0.0
488,51140.0,0,2018-12-24,0.0,0.0
489,51140.0,0,2018-12-25,0.0,0.0
490,51140.0,0,2018-12-26,0.0,0.0
491,51140.0,0,2018-12-27,0.0,0.0
492,51140.0,0,2018-12-28,0.0,0.0
493,51140.0,0,2018-12-29,0.0,0.0
494,51140.0,0,2018-12-30,0.0,0.0
495,51140.0,0,2018-12-31,0.0,0.0
496,51140.0,0,2019-01-01,0.0,0.0
497,51140.0,0,2019-01-02,0.0,0.0
498,51140.0,0,2019-01-03,0.0,0.0
499,51140.0,0,2019-01-04,0.0,0.0
500,51140.0,0,2019-01-05,0.0,0.0
501,51140.0,0,2019-01-06,0.0,0.0
36,51140.0,MESITA 2 PUERTAS Y 1 CAJÓN NEGRO,2019-01-07,93.64,1.0
502,51140.0,0,2019-01-08,0.0,0.0
37,51140.0,MESITA 2 PUERTAS Y 1 CAJÓN NEGRO,2019-01-09,187.27,2.0
503,51140.0,0,2019-01-10,0.0,0.0
504,51140.0,0,2019-01-11,0.0,0.0
505,51140.0,0,2019-01-12,0.0,0.0
38,51140.0,MESITA 2 PUERTAS Y 1 CAJÓN NEGRO,2019-01-13,187.27,2.0
506,51140.0,0,2019-01-14,0.0,0.0
507,51140.0,0,2019-01-15,0.0,0.0
508,51140.0,0,2019-01-16,0.0,0.0
509,51140.0,0,2019-01-17,0.0,0.0
510,51140.0,0,2019-01-18,0.0,0.0
511,51140.0,0,2019-01-19,0.0,0.0
512,51140.0,0,2019-01-20,0.0,0.0
513,51140.0,0,2019-01-21,0.0,0.0
514,51140.0,0,2019-01-22,0.0,0.0
515,51140.0,0,2019-01-23,0.0,0.0
516,51140.0,0,2019-01-24,0.0,0.0
517,51140.0,0,2019-01-25,0.0,0.0
39,51140.0,MESITA 2 PUERTAS Y 1 CAJÓN NEGRO,2019-01-26,93.64,1.0
518,51140.0,0,2019-01-27,0.0,0.0
519,51140.0,0,2019-01-28,0.0,0.0
520,51140.0,0,2019-01-29,0.0,0.0
521,51140.0,0,2019-01-30,0.0,0.0
522,51140.0,0,2019-01-31,0.0,0.0
523,51140.0,0,2019-02-01,0.0,0.0
524,51140.0,0,2019-02-02,0.0,0.0
40,51140.0,MESITA 2 PUERTAS Y 1 CAJÓN NEGRO,2019-02-03,374.55,4.0
525,51140.0,0,2019-02-04,0.0,0.0
41,51140.0,MESITA 2 PUERTAS Y 1 CAJÓN NEGRO,2019-02-05,93.64,1.0
526,51140.0,0,2019-02-06,0.0,0.0
527,51140.0,0,2019-02-07,0.0,0.0
528,51140.0,0,2019-02-08,0.0,0.0
529,51140.0,0,2019-02-09,0.0,0.0
530,51140.0,0,2019-02-10,0.0,0.0
531,51140.0,0,2019-02-11,0.0,0.0
42,51140.0,MESITA 2 PUERTAS Y 1 CAJÓN NEGRO,2019-02-12,88.43,1.0
532,51140.0,0,2019-02-13,0.0,0.0
43,51140.0,MESITA 2 PUERTAS Y 1 CAJÓN NEGRO,2019-02-14,88.43,1.0
533,51140.0,0,2019-02-15,0.0,0.0
534,51140.0,0,2019-02-16,0.0,0.0
535,51140.0,0,2019-02-17,0.0,0.0
536,51140.0,0,2019-02-18,0.0,0.0
537,51140.0,0,2019-02-19,0.0,0.0
538,51140.0,0,2019-02-20,0.0,0.0
539,51140.0,0,2019-02-21,0.0,0.0
540,51140.0,0,2019-02-22,0.0,0.0
541,51140.0,0,2019-02-23,0.0,0.0
542,51140.0,0,2019-02-24,0.0,0.0
543,51140.0,0,2019-02-25,0.0,0.0
544,51140.0,0,2019-02-26,0.0,0.0
545,51140.0,0,2019-02-27,0.0,0.0
546,51140.0,0,2019-02-28,0.0,0.0
547,51140.0,0,2019-03-01,0.0,0.0
548,51140.0,0,2019-03-02,0.0,0.0
549,51140.0,0,2019-03-03,0.0,0.0
550,51140.0,0,2019-03-04,0.0,0.0
551,51140.0,0,2019-03-05,0.0,0.0
552,51140.0,0,2019-03-06,0.0,0.0
553,51140.0,0,2019-03-07,0.0,0.0
554,51140.0,0,2019-03-08,0.0,0.0
555,51140.0,0,2019-03-09,0.0,0.0
556,51140.0,0,2019-03-10,0.0,0.0
557,51140.0,0,2019-03-11,0.0,0.0
558,51140.0,0,2019-03-12,0.0,0.0
559,51140.0,0,2019-03-13,0.0,0.0
44,51140.0,MESITA 2 PUERTAS Y 1 CAJÓN NEGRO,2019-03-14,208.1,2.0
560,51140.0,0,2019-03-15,0.0,0.0
561,51140.0,0,2019-03-16,0.0,0.0
562,51140.0,0,2019-03-17,0.0,0.0
563,51140.0,0,2019-03-18,0.0,0.0
564,51140.0,0,2019-03-19,0.0,0.0
565,51140.0,0,2019-03-20,0.0,0.0
566,51140.0,0,2019-03-21,0.0,0.0
567,51140.0,0,2019-03-22,0.0,0.0
568,51140.0,0,2019-03-23,0.0,0.0
569,51140.0,0,2019-03-24,0.0,0.0
45,51140.0,MESITA 2 PUERTAS Y 1 CAJÓN NEGRO,2019-03-25,104.05,1.0
570,51140.0,0,2019-03-26,0.0,0.0
571,51140.0,0,2019-03-27,0.0,0.0
572,51140.0,0,2019-03-28,0.0,0.0
573,51140.0,0,2019-03-29,0.0,0.0
574,51140.0,0,2019-03-30,0.0,0.0
575,51140.0,0,2019-03-31,0.0,0.0
