,Reference,Name,Dates,Net_Incomes,Units_Sold
76,51148.0,0,2017-09-02,0.0,0.0
77,51148.0,0,2017-09-03,0.0,0.0
78,51148.0,0,2017-09-04,0.0,0.0
79,51148.0,0,2017-09-05,0.0,0.0
80,51148.0,0,2017-09-06,0.0,0.0
81,51148.0,0,2017-09-07,0.0,0.0
0,51148.0,CONSOLA 4 PUERTAS Y 3 CAJONES ROJO,2017-09-08,154.54,1.0
82,51148.0,0,2017-09-09,0.0,0.0
83,51148.0,0,2017-09-10,0.0,0.0
84,51148.0,0,2017-09-11,0.0,0.0
85,51148.0,0,2017-09-12,0.0,0.0
86,51148.0,0,2017-09-13,0.0,0.0
1,51148.0,CONSOLA 4 PUERTAS Y 3 CAJONES ROJO,2017-09-14,163.64,1.0
87,51148.0,0,2017-09-15,0.0,0.0
88,51148.0,0,2017-09-16,0.0,0.0
89,51148.0,0,2017-09-17,0.0,0.0
90,51148.0,0,2017-09-18,0.0,0.0
91,51148.0,0,2017-09-19,0.0,0.0
92,51148.0,0,2017-09-20,0.0,0.0
93,51148.0,0,2017-09-21,0.0,0.0
2,51148.0,CONSOLA 4 PUERTAS Y 3 CAJONES ROJO,2017-09-22,163.64,1.0
94,51148.0,0,2017-09-23,0.0,0.0
95,51148.0,0,2017-09-24,0.0,0.0
96,51148.0,0,2017-09-25,0.0,0.0
97,51148.0,0,2017-09-26,0.0,0.0
3,51148.0,CONSOLA 4 PUERTAS Y 3 CAJONES ROJO,2017-09-27,278.17,2.0
98,51148.0,0,2017-09-28,0.0,0.0
99,51148.0,0,2017-09-29,0.0,0.0
100,51148.0,0,2017-09-30,0.0,0.0
101,51148.0,0,2017-10-01,0.0,0.0
102,51148.0,0,2017-10-02,0.0,0.0
103,51148.0,0,2017-10-03,0.0,0.0
4,51148.0,CONSOLA 4 PUERTAS Y 3 CAJONES ROJO,2017-10-04,163.64,1.0
104,51148.0,0,2017-10-05,0.0,0.0
105,51148.0,0,2017-10-06,0.0,0.0
5,51148.0,CONSOLA 4 PUERTAS Y 3 CAJONES ROJO,2017-10-07,163.64,1.0
106,51148.0,0,2017-10-08,0.0,0.0
107,51148.0,0,2017-10-09,0.0,0.0
108,51148.0,0,2017-10-10,0.0,0.0
109,51148.0,0,2017-10-11,0.0,0.0
110,51148.0,0,2017-10-12,0.0,0.0
111,51148.0,0,2017-10-13,0.0,0.0
112,51148.0,0,2017-10-14,0.0,0.0
113,51148.0,0,2017-10-15,0.0,0.0
114,51148.0,0,2017-10-16,0.0,0.0
115,51148.0,0,2017-10-17,0.0,0.0
6,51148.0,CONSOLA 4 PUERTAS Y 3 CAJONES ROJO,2017-10-18,139.09,1.0
7,51148.0,CONSOLA 4 PUERTAS Y 3 CAJONES ROJO,2017-10-19,163.64,1.0
8,51148.0,CONSOLA 4 PUERTAS Y 3 CAJONES ROJO,2017-10-20,139.09,1.0
116,51148.0,0,2017-10-21,0.0,0.0
117,51148.0,0,2017-10-22,0.0,0.0
118,51148.0,0,2017-10-23,0.0,0.0
119,51148.0,0,2017-10-24,0.0,0.0
120,51148.0,0,2017-10-25,0.0,0.0
121,51148.0,0,2017-10-26,0.0,0.0
122,51148.0,0,2017-10-27,0.0,0.0
123,51148.0,0,2017-10-28,0.0,0.0
124,51148.0,0,2017-10-29,0.0,0.0
125,51148.0,0,2017-10-30,0.0,0.0
126,51148.0,0,2017-10-31,0.0,0.0
127,51148.0,0,2017-11-01,0.0,0.0
128,51148.0,0,2017-11-02,0.0,0.0
129,51148.0,0,2017-11-03,0.0,0.0
130,51148.0,0,2017-11-04,0.0,0.0
131,51148.0,0,2017-11-05,0.0,0.0
132,51148.0,0,2017-11-06,0.0,0.0
133,51148.0,0,2017-11-07,0.0,0.0
134,51148.0,0,2017-11-08,0.0,0.0
135,51148.0,0,2017-11-09,0.0,0.0
136,51148.0,0,2017-11-10,0.0,0.0
137,51148.0,0,2017-11-11,0.0,0.0
138,51148.0,0,2017-11-12,0.0,0.0
9,51148.0,CONSOLA 4 PUERTAS Y 3 CAJONES ROJO,2017-11-13,139.09,1.0
10,51148.0,CONSOLA 4 PUERTAS Y 3 CAJONES ROJO,2017-11-14,139.09,1.0
139,51148.0,0,2017-11-15,0.0,0.0
11,51148.0,CONSOLA 4 PUERTAS Y 3 CAJONES ROJO,2017-11-16,139.09,1.0
140,51148.0,0,2017-11-17,0.0,0.0
141,51148.0,0,2017-11-18,0.0,0.0
142,51148.0,0,2017-11-19,0.0,0.0
143,51148.0,0,2017-11-20,0.0,0.0
144,51148.0,0,2017-11-21,0.0,0.0
12,51148.0,CONSOLA 4 PUERTAS Y 3 CAJONES ROJO,2017-11-22,139.09,1.0
145,51148.0,0,2017-11-23,0.0,0.0
146,51148.0,0,2017-11-24,0.0,0.0
147,51148.0,0,2017-11-25,0.0,0.0
13,51148.0,CONSOLA 4 PUERTAS Y 3 CAJONES ROJO,2017-11-26,368.18,3.0
14,51148.0,CONSOLA 4 PUERTAS Y 3 CAJONES ROJO,2017-11-27,245.46,2.0
148,51148.0,0,2017-11-28,0.0,0.0
15,51148.0,CONSOLA 4 PUERTAS Y 3 CAJONES ROJO,2017-11-29,163.64,1.0
149,51148.0,0,2017-11-30,0.0,0.0
16,51148.0,CONSOLA 4 PUERTAS Y 3 CAJONES ROJO,2017-12-01,163.64,1.0
17,51148.0,CONSOLA 4 PUERTAS Y 3 CAJONES ROJO,2017-12-02,163.64,1.0
150,51148.0,0,2017-12-03,0.0,0.0
151,51148.0,0,2017-12-04,0.0,0.0
152,51148.0,0,2017-12-05,0.0,0.0
153,51148.0,0,2017-12-06,0.0,0.0
154,51148.0,0,2017-12-07,0.0,0.0
155,51148.0,0,2017-12-08,0.0,0.0
18,51148.0,CONSOLA 4 PUERTAS Y 3 CAJONES ROJO,2017-12-09,163.64,1.0
19,51148.0,CONSOLA 4 PUERTAS Y 3 CAJONES ROJO,2017-12-10,163.64,1.0
156,51148.0,0,2017-12-11,0.0,0.0
157,51148.0,0,2017-12-12,0.0,0.0
158,51148.0,0,2017-12-13,0.0,0.0
159,51148.0,0,2017-12-14,0.0,0.0
160,51148.0,0,2017-12-15,0.0,0.0
161,51148.0,0,2017-12-16,0.0,0.0
162,51148.0,0,2017-12-17,0.0,0.0
163,51148.0,0,2017-12-18,0.0,0.0
164,51148.0,0,2017-12-19,0.0,0.0
165,51148.0,0,2017-12-20,0.0,0.0
166,51148.0,0,2017-12-21,0.0,0.0
167,51148.0,0,2017-12-22,0.0,0.0
168,51148.0,0,2017-12-23,0.0,0.0
169,51148.0,0,2017-12-24,0.0,0.0
170,51148.0,0,2017-12-25,0.0,0.0
171,51148.0,0,2017-12-26,0.0,0.0
172,51148.0,0,2017-12-27,0.0,0.0
173,51148.0,0,2017-12-28,0.0,0.0
174,51148.0,0,2017-12-29,0.0,0.0
175,51148.0,0,2017-12-30,0.0,0.0
176,51148.0,0,2017-12-31,0.0,0.0
177,51148.0,0,2018-01-01,0.0,0.0
178,51148.0,0,2018-01-02,0.0,0.0
179,51148.0,0,2018-01-03,0.0,0.0
180,51148.0,0,2018-01-04,0.0,0.0
181,51148.0,0,2018-01-05,0.0,0.0
182,51148.0,0,2018-01-06,0.0,0.0
183,51148.0,0,2018-01-07,0.0,0.0
184,51148.0,0,2018-01-08,0.0,0.0
185,51148.0,0,2018-01-09,0.0,0.0
186,51148.0,0,2018-01-10,0.0,0.0
20,51148.0,CONSOLA 4 PUERTAS Y 3 CAJONES ROJO,2018-01-11,130.91,1.0
187,51148.0,0,2018-01-12,0.0,0.0
21,51148.0,CONSOLA 4 PUERTAS Y 3 CAJONES ROJO,2018-01-13,130.91,1.0
188,51148.0,0,2018-01-14,0.0,0.0
189,51148.0,0,2018-01-15,0.0,0.0
190,51148.0,0,2018-01-16,0.0,0.0
191,51148.0,0,2018-01-17,0.0,0.0
192,51148.0,0,2018-01-18,0.0,0.0
193,51148.0,0,2018-01-19,0.0,0.0
22,51148.0,CONSOLA 4 PUERTAS Y 3 CAJONES ROJO,2018-01-20,130.91,1.0
194,51148.0,0,2018-01-21,0.0,0.0
195,51148.0,0,2018-01-22,0.0,0.0
23,51148.0,CONSOLA 4 PUERTAS Y 3 CAJONES ROJO,2018-01-23,130.91,1.0
24,51148.0,CONSOLA 4 PUERTAS Y 3 CAJONES ROJO,2018-01-24,130.91,1.0
196,51148.0,0,2018-01-25,0.0,0.0
197,51148.0,0,2018-01-26,0.0,0.0
198,51148.0,0,2018-01-27,0.0,0.0
199,51148.0,0,2018-01-28,0.0,0.0
25,51148.0,CONSOLA 4 PUERTAS Y 3 CAJONES ROJO,2018-01-29,130.91,1.0
200,51148.0,0,2018-01-30,0.0,0.0
26,51148.0,CONSOLA 4 PUERTAS Y 3 CAJONES ROJO,2018-01-31,261.81,2.0
27,51148.0,CONSOLA 4 PUERTAS Y 3 CAJONES ROJO,2018-02-01,130.91,1.0
201,51148.0,0,2018-02-02,0.0,0.0
202,51148.0,0,2018-02-03,0.0,0.0
203,51148.0,0,2018-02-04,0.0,0.0
28,51148.0,CONSOLA 4 PUERTAS Y 3 CAJONES ROJO,2018-02-05,122.73,1.0
29,51148.0,CONSOLA 4 PUERTAS Y 3 CAJONES ROJO,2018-02-06,122.73,1.0
30,51148.0,CONSOLA 4 PUERTAS Y 3 CAJONES ROJO,2018-02-07,122.73,1.0
204,51148.0,0,2018-02-08,0.0,0.0
205,51148.0,0,2018-02-09,0.0,0.0
31,51148.0,CONSOLA 4 PUERTAS Y 3 CAJONES ROJO,2018-02-10,122.73,1.0
206,51148.0,0,2018-02-11,0.0,0.0
32,51148.0,CONSOLA 4 PUERTAS Y 3 CAJONES ROJO,2018-02-12,122.73,1.0
33,51148.0,CONSOLA 4 PUERTAS Y 3 CAJONES ROJO,2018-02-13,122.73,1.0
34,51148.0,CONSOLA 4 PUERTAS Y 3 CAJONES ROJO,2018-02-14,122.73,1.0
207,51148.0,0,2018-02-15,0.0,0.0
35,51148.0,CONSOLA 4 PUERTAS Y 3 CAJONES ROJO,2018-02-16,136.36,1.0
36,51148.0,CONSOLA 4 PUERTAS Y 3 CAJONES ROJO,2018-02-17,136.36,1.0
37,51148.0,CONSOLA 4 PUERTAS Y 3 CAJONES ROJO,2018-02-18,136.36,1.0
208,51148.0,0,2018-02-19,0.0,0.0
209,51148.0,0,2018-02-20,0.0,0.0
210,51148.0,0,2018-02-21,0.0,0.0
211,51148.0,0,2018-02-22,0.0,0.0
212,51148.0,0,2018-02-23,0.0,0.0
38,51148.0,CONSOLA 4 PUERTAS Y 3 CAJONES ROJO,2018-02-24,163.64,1.0
213,51148.0,0,2018-02-25,0.0,0.0
214,51148.0,0,2018-02-26,0.0,0.0
39,51148.0,CONSOLA 4 PUERTAS Y 3 CAJONES ROJO,2018-02-27,163.64,1.0
215,51148.0,0,2018-02-28,0.0,0.0
40,51148.0,CONSOLA 4 PUERTAS Y 3 CAJONES ROJO,2018-03-01,163.64,1.0
216,51148.0,0,2018-03-02,0.0,0.0
217,51148.0,0,2018-03-03,0.0,0.0
218,51148.0,0,2018-03-04,0.0,0.0
219,51148.0,0,2018-03-05,0.0,0.0
220,51148.0,0,2018-03-06,0.0,0.0
221,51148.0,0,2018-03-07,0.0,0.0
222,51148.0,0,2018-03-08,0.0,0.0
223,51148.0,0,2018-03-09,0.0,0.0
224,51148.0,0,2018-03-10,0.0,0.0
225,51148.0,0,2018-03-11,0.0,0.0
226,51148.0,0,2018-03-12,0.0,0.0
227,51148.0,0,2018-03-13,0.0,0.0
228,51148.0,0,2018-03-14,0.0,0.0
229,51148.0,0,2018-03-15,0.0,0.0
230,51148.0,0,2018-03-16,0.0,0.0
231,51148.0,0,2018-03-17,0.0,0.0
232,51148.0,0,2018-03-18,0.0,0.0
233,51148.0,0,2018-03-19,0.0,0.0
234,51148.0,0,2018-03-20,0.0,0.0
235,51148.0,0,2018-03-21,0.0,0.0
236,51148.0,0,2018-03-22,0.0,0.0
237,51148.0,0,2018-03-23,0.0,0.0
238,51148.0,0,2018-03-24,0.0,0.0
41,51148.0,CONSOLA 4 PUERTAS Y 3 CAJONES ROJO,2018-03-25,163.63,1.0
239,51148.0,0,2018-03-26,0.0,0.0
240,51148.0,0,2018-03-27,0.0,0.0
42,51148.0,CONSOLA 4 PUERTAS Y 3 CAJONES ROJO,2018-03-28,147.27,1.0
241,51148.0,0,2018-03-29,0.0,0.0
242,51148.0,0,2018-03-30,0.0,0.0
243,51148.0,0,2018-03-31,0.0,0.0
244,51148.0,0,2018-04-01,0.0,0.0
245,51148.0,0,2018-04-02,0.0,0.0
246,51148.0,0,2018-04-03,0.0,0.0
247,51148.0,0,2018-04-04,0.0,0.0
248,51148.0,0,2018-04-05,0.0,0.0
249,51148.0,0,2018-04-06,0.0,0.0
250,51148.0,0,2018-04-07,0.0,0.0
251,51148.0,0,2018-04-08,0.0,0.0
252,51148.0,0,2018-04-09,0.0,0.0
253,51148.0,0,2018-04-10,0.0,0.0
254,51148.0,0,2018-04-11,0.0,0.0
255,51148.0,0,2018-04-12,0.0,0.0
256,51148.0,0,2018-04-13,0.0,0.0
257,51148.0,0,2018-04-14,0.0,0.0
258,51148.0,0,2018-04-15,0.0,0.0
259,51148.0,0,2018-04-16,0.0,0.0
260,51148.0,0,2018-04-17,0.0,0.0
261,51148.0,0,2018-04-18,0.0,0.0
262,51148.0,0,2018-04-19,0.0,0.0
263,51148.0,0,2018-04-20,0.0,0.0
264,51148.0,0,2018-04-21,0.0,0.0
265,51148.0,0,2018-04-22,0.0,0.0
266,51148.0,0,2018-04-23,0.0,0.0
267,51148.0,0,2018-04-24,0.0,0.0
268,51148.0,0,2018-04-25,0.0,0.0
269,51148.0,0,2018-04-26,0.0,0.0
270,51148.0,0,2018-04-27,0.0,0.0
271,51148.0,0,2018-04-28,0.0,0.0
272,51148.0,0,2018-04-29,0.0,0.0
273,51148.0,0,2018-04-30,0.0,0.0
274,51148.0,0,2018-05-01,0.0,0.0
43,51148.0,CONSOLA 4 PUERTAS Y 3 CAJONES ROJO,2018-05-02,147.27,1.0
275,51148.0,0,2018-05-03,0.0,0.0
276,51148.0,0,2018-05-04,0.0,0.0
277,51148.0,0,2018-05-05,0.0,0.0
278,51148.0,0,2018-05-06,0.0,0.0
279,51148.0,0,2018-05-07,0.0,0.0
280,51148.0,0,2018-05-08,0.0,0.0
281,51148.0,0,2018-05-09,0.0,0.0
282,51148.0,0,2018-05-10,0.0,0.0
283,51148.0,0,2018-05-11,0.0,0.0
284,51148.0,0,2018-05-12,0.0,0.0
285,51148.0,0,2018-05-13,0.0,0.0
286,51148.0,0,2018-05-14,0.0,0.0
287,51148.0,0,2018-05-15,0.0,0.0
44,51148.0,CONSOLA 4 PUERTAS Y 3 CAJONES ROJO,2018-05-16,163.64,1.0
288,51148.0,0,2018-05-17,0.0,0.0
289,51148.0,0,2018-05-18,0.0,0.0
290,51148.0,0,2018-05-19,0.0,0.0
291,51148.0,0,2018-05-20,0.0,0.0
45,51148.0,CONSOLA 4 PUERTAS Y 3 CAJONES ROJO,2018-05-21,163.64,1.0
292,51148.0,0,2018-05-22,0.0,0.0
293,51148.0,0,2018-05-23,0.0,0.0
46,51148.0,CONSOLA 4 PUERTAS Y 3 CAJONES ROJO,2018-05-24,163.64,1.0
294,51148.0,0,2018-05-25,0.0,0.0
295,51148.0,0,2018-05-26,0.0,0.0
296,51148.0,0,2018-05-27,0.0,0.0
297,51148.0,0,2018-05-28,0.0,0.0
298,51148.0,0,2018-05-29,0.0,0.0
299,51148.0,0,2018-05-30,0.0,0.0
300,51148.0,0,2018-05-31,0.0,0.0
301,51148.0,0,2018-06-01,0.0,0.0
302,51148.0,0,2018-06-02,0.0,0.0
303,51148.0,0,2018-06-03,0.0,0.0
304,51148.0,0,2018-06-04,0.0,0.0
305,51148.0,0,2018-06-05,0.0,0.0
306,51148.0,0,2018-06-06,0.0,0.0
307,51148.0,0,2018-06-07,0.0,0.0
308,51148.0,0,2018-06-08,0.0,0.0
309,51148.0,0,2018-06-09,0.0,0.0
310,51148.0,0,2018-06-10,0.0,0.0
311,51148.0,0,2018-06-11,0.0,0.0
312,51148.0,0,2018-06-12,0.0,0.0
313,51148.0,0,2018-06-13,0.0,0.0
314,51148.0,0,2018-06-14,0.0,0.0
315,51148.0,0,2018-06-15,0.0,0.0
316,51148.0,0,2018-06-16,0.0,0.0
47,51148.0,CONSOLA 4 PUERTAS Y 3 CAJONES ROJO,2018-06-17,163.64,1.0
317,51148.0,0,2018-06-18,0.0,0.0
48,51148.0,CONSOLA 4 PUERTAS Y 3 CAJONES ROJO,2018-06-19,163.64,1.0
49,51148.0,CONSOLA 4 PUERTAS Y 3 CAJONES ROJO,2018-06-20,163.64,1.0
318,51148.0,0,2018-06-21,0.0,0.0
319,51148.0,0,2018-06-22,0.0,0.0
320,51148.0,0,2018-06-23,0.0,0.0
321,51148.0,0,2018-06-24,0.0,0.0
322,51148.0,0,2018-06-25,0.0,0.0
323,51148.0,0,2018-06-26,0.0,0.0
324,51148.0,0,2018-06-27,0.0,0.0
50,51148.0,CONSOLA 4 PUERTAS Y 3 CAJONES ROJO,2018-06-28,163.64,1.0
325,51148.0,0,2018-06-29,0.0,0.0
326,51148.0,0,2018-06-30,0.0,0.0
327,51148.0,0,2018-07-01,0.0,0.0
328,51148.0,0,2018-07-02,0.0,0.0
329,51148.0,0,2018-07-03,0.0,0.0
330,51148.0,0,2018-07-04,0.0,0.0
331,51148.0,0,2018-07-05,0.0,0.0
332,51148.0,0,2018-07-06,0.0,0.0
333,51148.0,0,2018-07-07,0.0,0.0
51,51148.0,CONSOLA 4 PUERTAS Y 3 CAJONES ROJO,2018-07-08,163.64,1.0
334,51148.0,0,2018-07-09,0.0,0.0
52,51148.0,CONSOLA 4 PUERTAS Y 3 CAJONES ROJO,2018-07-10,163.64,1.0
335,51148.0,0,2018-07-11,0.0,0.0
336,51148.0,0,2018-07-12,0.0,0.0
337,51148.0,0,2018-07-13,0.0,0.0
338,51148.0,0,2018-07-14,0.0,0.0
339,51148.0,0,2018-07-15,0.0,0.0
340,51148.0,0,2018-07-16,0.0,0.0
341,51148.0,0,2018-07-17,0.0,0.0
342,51148.0,0,2018-07-18,0.0,0.0
343,51148.0,0,2018-07-19,0.0,0.0
344,51148.0,0,2018-07-20,0.0,0.0
345,51148.0,0,2018-07-21,0.0,0.0
346,51148.0,0,2018-07-22,0.0,0.0
53,51148.0,CONSOLA 4 PUERTAS Y 3 CAJONES ROJO,2018-07-23,163.64,1.0
347,51148.0,0,2018-07-24,0.0,0.0
348,51148.0,0,2018-07-25,0.0,0.0
349,51148.0,0,2018-07-26,0.0,0.0
350,51148.0,0,2018-07-27,0.0,0.0
351,51148.0,0,2018-07-28,0.0,0.0
352,51148.0,0,2018-07-29,0.0,0.0
353,51148.0,0,2018-07-30,0.0,0.0
354,51148.0,0,2018-07-31,0.0,0.0
355,51148.0,0,2018-08-01,0.0,0.0
54,51148.0,CONSOLA 4 PUERTAS Y 3 CAJONES ROJO,2018-08-02,163.63,1.0
356,51148.0,0,2018-08-03,0.0,0.0
357,51148.0,0,2018-08-04,0.0,0.0
358,51148.0,0,2018-08-05,0.0,0.0
359,51148.0,0,2018-08-06,0.0,0.0
360,51148.0,0,2018-08-07,0.0,0.0
361,51148.0,0,2018-08-08,0.0,0.0
362,51148.0,0,2018-08-09,0.0,0.0
363,51148.0,0,2018-08-10,0.0,0.0
364,51148.0,0,2018-08-11,0.0,0.0
55,51148.0,CONSOLA 4 PUERTAS Y 3 CAJONES ROJO,2018-08-12,163.64,1.0
365,51148.0,0,2018-08-13,0.0,0.0
56,51148.0,CONSOLA 4 PUERTAS Y 3 CAJONES ROJO,2018-08-14,163.64,1.0
366,51148.0,0,2018-08-15,0.0,0.0
367,51148.0,0,2018-08-16,0.0,0.0
368,51148.0,0,2018-08-17,0.0,0.0
369,51148.0,0,2018-08-18,0.0,0.0
57,51148.0,CONSOLA 4 PUERTAS Y 3 CAJONES ROJO,2018-08-19,163.64,1.0
370,51148.0,0,2018-08-20,0.0,0.0
371,51148.0,0,2018-08-21,0.0,0.0
372,51148.0,0,2018-08-22,0.0,0.0
373,51148.0,0,2018-08-23,0.0,0.0
374,51148.0,0,2018-08-24,0.0,0.0
375,51148.0,0,2018-08-25,0.0,0.0
376,51148.0,0,2018-08-26,0.0,0.0
58,51148.0,CONSOLA 4 PUERTAS Y 3 CAJONES ROJO,2018-08-27,163.64,1.0
377,51148.0,0,2018-08-28,0.0,0.0
378,51148.0,0,2018-08-29,0.0,0.0
379,51148.0,0,2018-08-30,0.0,0.0
380,51148.0,0,2018-08-31,0.0,0.0
381,51148.0,0,2018-09-01,0.0,0.0
382,51148.0,0,2018-09-02,0.0,0.0
383,51148.0,0,2018-09-03,0.0,0.0
384,51148.0,0,2018-09-04,0.0,0.0
385,51148.0,0,2018-09-05,0.0,0.0
386,51148.0,0,2018-09-06,0.0,0.0
59,51148.0,CONSOLA 4 PUERTAS Y 3 CAJONES ROJO,2018-09-07,163.64,1.0
387,51148.0,0,2018-09-08,0.0,0.0
388,51148.0,0,2018-09-09,0.0,0.0
60,51148.0,CONSOLA 4 PUERTAS Y 3 CAJONES ROJO,2018-09-10,163.64,1.0
389,51148.0,0,2018-09-11,0.0,0.0
390,51148.0,0,2018-09-12,0.0,0.0
391,51148.0,0,2018-09-13,0.0,0.0
392,51148.0,0,2018-09-14,0.0,0.0
393,51148.0,0,2018-09-15,0.0,0.0
394,51148.0,0,2018-09-16,0.0,0.0
395,51148.0,0,2018-09-17,0.0,0.0
396,51148.0,0,2018-09-18,0.0,0.0
397,51148.0,0,2018-09-19,0.0,0.0
398,51148.0,0,2018-09-20,0.0,0.0
399,51148.0,0,2018-09-21,0.0,0.0
400,51148.0,0,2018-09-22,0.0,0.0
401,51148.0,0,2018-09-23,0.0,0.0
402,51148.0,0,2018-09-24,0.0,0.0
403,51148.0,0,2018-09-25,0.0,0.0
404,51148.0,0,2018-09-26,0.0,0.0
405,51148.0,0,2018-09-27,0.0,0.0
406,51148.0,0,2018-09-28,0.0,0.0
407,51148.0,0,2018-09-29,0.0,0.0
408,51148.0,0,2018-09-30,0.0,0.0
409,51148.0,0,2018-10-01,0.0,0.0
410,51148.0,0,2018-10-02,0.0,0.0
411,51148.0,0,2018-10-03,0.0,0.0
412,51148.0,0,2018-10-04,0.0,0.0
413,51148.0,0,2018-10-05,0.0,0.0
414,51148.0,0,2018-10-06,0.0,0.0
415,51148.0,0,2018-10-07,0.0,0.0
416,51148.0,0,2018-10-08,0.0,0.0
417,51148.0,0,2018-10-09,0.0,0.0
418,51148.0,0,2018-10-10,0.0,0.0
61,51148.0,CONSOLA 4 PUERTAS Y 3 CAJONES ROJO,2018-10-11,163.64,1.0
419,51148.0,0,2018-10-12,0.0,0.0
420,51148.0,0,2018-10-13,0.0,0.0
421,51148.0,0,2018-10-14,0.0,0.0
422,51148.0,0,2018-10-15,0.0,0.0
423,51148.0,0,2018-10-16,0.0,0.0
424,51148.0,0,2018-10-17,0.0,0.0
425,51148.0,0,2018-10-18,0.0,0.0
62,51148.0,CONSOLA 4 PUERTAS Y 3 CAJONES ROJO,2018-10-19,163.64,1.0
426,51148.0,0,2018-10-20,0.0,0.0
427,51148.0,0,2018-10-21,0.0,0.0
428,51148.0,0,2018-10-22,0.0,0.0
429,51148.0,0,2018-10-23,0.0,0.0
430,51148.0,0,2018-10-24,0.0,0.0
431,51148.0,0,2018-10-25,0.0,0.0
432,51148.0,0,2018-10-26,0.0,0.0
433,51148.0,0,2018-10-27,0.0,0.0
434,51148.0,0,2018-10-28,0.0,0.0
63,51148.0,CONSOLA 4 PUERTAS Y 3 CAJONES ROJO,2018-10-29,163.64,1.0
435,51148.0,0,2018-10-30,0.0,0.0
436,51148.0,0,2018-10-31,0.0,0.0
437,51148.0,0,2018-11-01,0.0,0.0
64,51148.0,CONSOLA 4 PUERTAS Y 3 CAJONES ROJO,2018-11-02,163.64,1.0
438,51148.0,0,2018-11-03,0.0,0.0
439,51148.0,0,2018-11-04,0.0,0.0
440,51148.0,0,2018-11-05,0.0,0.0
441,51148.0,0,2018-11-06,0.0,0.0
442,51148.0,0,2018-11-07,0.0,0.0
443,51148.0,0,2018-11-08,0.0,0.0
444,51148.0,0,2018-11-09,0.0,0.0
445,51148.0,0,2018-11-10,0.0,0.0
446,51148.0,0,2018-11-11,0.0,0.0
447,51148.0,0,2018-11-12,0.0,0.0
448,51148.0,0,2018-11-13,0.0,0.0
449,51148.0,0,2018-11-14,0.0,0.0
450,51148.0,0,2018-11-15,0.0,0.0
451,51148.0,0,2018-11-16,0.0,0.0
452,51148.0,0,2018-11-17,0.0,0.0
65,51148.0,CONSOLA 4 PUERTAS Y 3 CAJONES ROJO,2018-11-18,163.64,1.0
453,51148.0,0,2018-11-19,0.0,0.0
454,51148.0,0,2018-11-20,0.0,0.0
455,51148.0,0,2018-11-21,0.0,0.0
456,51148.0,0,2018-11-22,0.0,0.0
66,51148.0,CONSOLA 4 PUERTAS Y 3 CAJONES ROJO,2018-11-23,147.27,1.0
457,51148.0,0,2018-11-24,0.0,0.0
458,51148.0,0,2018-11-25,0.0,0.0
67,51148.0,CONSOLA 4 PUERTAS Y 3 CAJONES ROJO,2018-11-26,147.27,1.0
459,51148.0,0,2018-11-27,0.0,0.0
460,51148.0,0,2018-11-28,0.0,0.0
461,51148.0,0,2018-11-29,0.0,0.0
462,51148.0,0,2018-11-30,0.0,0.0
463,51148.0,0,2018-12-01,0.0,0.0
464,51148.0,0,2018-12-02,0.0,0.0
68,51148.0,CONSOLA 4 PUERTAS Y 3 CAJONES ROJO,2018-12-03,163.64,1.0
465,51148.0,0,2018-12-04,0.0,0.0
466,51148.0,0,2018-12-05,0.0,0.0
467,51148.0,0,2018-12-06,0.0,0.0
468,51148.0,0,2018-12-07,0.0,0.0
469,51148.0,0,2018-12-08,0.0,0.0
470,51148.0,0,2018-12-09,0.0,0.0
471,51148.0,0,2018-12-10,0.0,0.0
472,51148.0,0,2018-12-11,0.0,0.0
473,51148.0,0,2018-12-12,0.0,0.0
474,51148.0,0,2018-12-13,0.0,0.0
475,51148.0,0,2018-12-14,0.0,0.0
476,51148.0,0,2018-12-15,0.0,0.0
477,51148.0,0,2018-12-16,0.0,0.0
478,51148.0,0,2018-12-17,0.0,0.0
479,51148.0,0,2018-12-18,0.0,0.0
480,51148.0,0,2018-12-19,0.0,0.0
481,51148.0,0,2018-12-20,0.0,0.0
482,51148.0,0,2018-12-21,0.0,0.0
483,51148.0,0,2018-12-22,0.0,0.0
484,51148.0,0,2018-12-23,0.0,0.0
485,51148.0,0,2018-12-24,0.0,0.0
486,51148.0,0,2018-12-25,0.0,0.0
487,51148.0,0,2018-12-26,0.0,0.0
488,51148.0,0,2018-12-27,0.0,0.0
489,51148.0,0,2018-12-28,0.0,0.0
69,51148.0,CONSOLA 4 PUERTAS Y 3 CAJONES ROJO,2018-12-29,163.64,1.0
490,51148.0,0,2018-12-30,0.0,0.0
491,51148.0,0,2018-12-31,0.0,0.0
492,51148.0,0,2019-01-01,0.0,0.0
493,51148.0,0,2019-01-02,0.0,0.0
494,51148.0,0,2019-01-03,0.0,0.0
70,51148.0,CONSOLA 4 PUERTAS Y 3 CAJONES ROJO,2019-01-04,163.64,1.0
495,51148.0,0,2019-01-05,0.0,0.0
496,51148.0,0,2019-01-06,0.0,0.0
497,51148.0,0,2019-01-07,0.0,0.0
498,51148.0,0,2019-01-08,0.0,0.0
499,51148.0,0,2019-01-09,0.0,0.0
500,51148.0,0,2019-01-10,0.0,0.0
71,51148.0,CONSOLA 4 PUERTAS Y 3 CAJONES ROJO,2019-01-11,147.27,1.0
501,51148.0,0,2019-01-12,0.0,0.0
502,51148.0,0,2019-01-13,0.0,0.0
503,51148.0,0,2019-01-14,0.0,0.0
504,51148.0,0,2019-01-15,0.0,0.0
505,51148.0,0,2019-01-16,0.0,0.0
72,51148.0,CONSOLA 4 PUERTAS Y 3 CAJONES ROJO,2019-01-17,294.54,2.0
506,51148.0,0,2019-01-18,0.0,0.0
507,51148.0,0,2019-01-19,0.0,0.0
508,51148.0,0,2019-01-20,0.0,0.0
509,51148.0,0,2019-01-21,0.0,0.0
510,51148.0,0,2019-01-22,0.0,0.0
511,51148.0,0,2019-01-23,0.0,0.0
512,51148.0,0,2019-01-24,0.0,0.0
73,51148.0,CONSOLA 4 PUERTAS Y 3 CAJONES ROJO,2019-01-25,147.27,1.0
513,51148.0,0,2019-01-26,0.0,0.0
514,51148.0,0,2019-01-27,0.0,0.0
515,51148.0,0,2019-01-28,0.0,0.0
516,51148.0,0,2019-01-29,0.0,0.0
517,51148.0,0,2019-01-30,0.0,0.0
518,51148.0,0,2019-01-31,0.0,0.0
519,51148.0,0,2019-02-01,0.0,0.0
520,51148.0,0,2019-02-02,0.0,0.0
521,51148.0,0,2019-02-03,0.0,0.0
522,51148.0,0,2019-02-04,0.0,0.0
523,51148.0,0,2019-02-05,0.0,0.0
524,51148.0,0,2019-02-06,0.0,0.0
525,51148.0,0,2019-02-07,0.0,0.0
526,51148.0,0,2019-02-08,0.0,0.0
527,51148.0,0,2019-02-09,0.0,0.0
528,51148.0,0,2019-02-10,0.0,0.0
74,51148.0,CONSOLA 4 PUERTAS Y 3 CAJONES ROJO,2019-02-11,139.09,1.0
529,51148.0,0,2019-02-12,0.0,0.0
530,51148.0,0,2019-02-13,0.0,0.0
531,51148.0,0,2019-02-14,0.0,0.0
532,51148.0,0,2019-02-15,0.0,0.0
533,51148.0,0,2019-02-16,0.0,0.0
534,51148.0,0,2019-02-17,0.0,0.0
535,51148.0,0,2019-02-18,0.0,0.0
536,51148.0,0,2019-02-19,0.0,0.0
537,51148.0,0,2019-02-20,0.0,0.0
538,51148.0,0,2019-02-21,0.0,0.0
539,51148.0,0,2019-02-22,0.0,0.0
540,51148.0,0,2019-02-23,0.0,0.0
541,51148.0,0,2019-02-24,0.0,0.0
542,51148.0,0,2019-02-25,0.0,0.0
543,51148.0,0,2019-02-26,0.0,0.0
544,51148.0,0,2019-02-27,0.0,0.0
545,51148.0,0,2019-02-28,0.0,0.0
546,51148.0,0,2019-03-01,0.0,0.0
547,51148.0,0,2019-03-02,0.0,0.0
548,51148.0,0,2019-03-03,0.0,0.0
549,51148.0,0,2019-03-04,0.0,0.0
550,51148.0,0,2019-03-05,0.0,0.0
551,51148.0,0,2019-03-06,0.0,0.0
552,51148.0,0,2019-03-07,0.0,0.0
553,51148.0,0,2019-03-08,0.0,0.0
554,51148.0,0,2019-03-09,0.0,0.0
555,51148.0,0,2019-03-10,0.0,0.0
556,51148.0,0,2019-03-11,0.0,0.0
75,51148.0,CONSOLA 4 PUERTAS Y 3 CAJONES ROJO,2019-03-12,180.17,1.0
557,51148.0,0,2019-03-13,0.0,0.0
558,51148.0,0,2019-03-14,0.0,0.0
559,51148.0,0,2019-03-15,0.0,0.0
560,51148.0,0,2019-03-16,0.0,0.0
561,51148.0,0,2019-03-17,0.0,0.0
562,51148.0,0,2019-03-18,0.0,0.0
563,51148.0,0,2019-03-19,0.0,0.0
564,51148.0,0,2019-03-20,0.0,0.0
565,51148.0,0,2019-03-21,0.0,0.0
566,51148.0,0,2019-03-22,0.0,0.0
567,51148.0,0,2019-03-23,0.0,0.0
568,51148.0,0,2019-03-24,0.0,0.0
569,51148.0,0,2019-03-25,0.0,0.0
570,51148.0,0,2019-03-26,0.0,0.0
571,51148.0,0,2019-03-27,0.0,0.0
572,51148.0,0,2019-03-28,0.0,0.0
573,51148.0,0,2019-03-29,0.0,0.0
574,51148.0,0,2019-03-30,0.0,0.0
575,51148.0,0,2019-03-31,0.0,0.0
