,Reference,Name,Dates,Net_Incomes,Units_Sold
63,61118.0,0,2017-09-02,0.0,0.0
64,61118.0,0,2017-09-03,0.0,0.0
0,61118.0,MUEBLE 1 PUERTA Y 2 LEJAS BASIC WHITE,2017-09-04,63.88,1.0
65,61118.0,0,2017-09-05,0.0,0.0
66,61118.0,0,2017-09-06,0.0,0.0
67,61118.0,0,2017-09-07,0.0,0.0
68,61118.0,0,2017-09-08,0.0,0.0
1,61118.0,MUEBLE 1 PUERTA Y 2 LEJAS BASIC WHITE,2017-09-09,63.88,1.0
69,61118.0,0,2017-09-10,0.0,0.0
70,61118.0,0,2017-09-11,0.0,0.0
2,61118.0,MUEBLE 1 PUERTA Y 2 LEJAS BASIC WHITE,2017-09-12,75.12,1.0
71,61118.0,0,2017-09-13,0.0,0.0
3,61118.0,MUEBLE 1 PUERTA Y 2 LEJAS BASIC WHITE,2017-09-14,75.12,1.0
72,61118.0,0,2017-09-15,0.0,0.0
73,61118.0,0,2017-09-16,0.0,0.0
74,61118.0,0,2017-09-17,0.0,0.0
75,61118.0,0,2017-09-18,0.0,0.0
4,61118.0,MUEBLE 1 PUERTA Y 2 LEJAS BASIC WHITE,2017-09-19,75.12,1.0
76,61118.0,0,2017-09-20,0.0,0.0
77,61118.0,0,2017-09-21,0.0,0.0
78,61118.0,0,2017-09-22,0.0,0.0
79,61118.0,0,2017-09-23,0.0,0.0
80,61118.0,0,2017-09-24,0.0,0.0
81,61118.0,0,2017-09-25,0.0,0.0
82,61118.0,0,2017-09-26,0.0,0.0
83,61118.0,0,2017-09-27,0.0,0.0
84,61118.0,0,2017-09-28,0.0,0.0
85,61118.0,0,2017-09-29,0.0,0.0
86,61118.0,0,2017-09-30,0.0,0.0
87,61118.0,0,2017-10-01,0.0,0.0
88,61118.0,0,2017-10-02,0.0,0.0
89,61118.0,0,2017-10-03,0.0,0.0
90,61118.0,0,2017-10-04,0.0,0.0
91,61118.0,0,2017-10-05,0.0,0.0
92,61118.0,0,2017-10-06,0.0,0.0
93,61118.0,0,2017-10-07,0.0,0.0
94,61118.0,0,2017-10-08,0.0,0.0
95,61118.0,0,2017-10-09,0.0,0.0
96,61118.0,0,2017-10-10,0.0,0.0
97,61118.0,0,2017-10-11,0.0,0.0
98,61118.0,0,2017-10-12,0.0,0.0
99,61118.0,0,2017-10-13,0.0,0.0
100,61118.0,0,2017-10-14,0.0,0.0
101,61118.0,0,2017-10-15,0.0,0.0
102,61118.0,0,2017-10-16,0.0,0.0
103,61118.0,0,2017-10-17,0.0,0.0
104,61118.0,0,2017-10-18,0.0,0.0
105,61118.0,0,2017-10-19,0.0,0.0
106,61118.0,0,2017-10-20,0.0,0.0
107,61118.0,0,2017-10-21,0.0,0.0
108,61118.0,0,2017-10-22,0.0,0.0
109,61118.0,0,2017-10-23,0.0,0.0
110,61118.0,0,2017-10-24,0.0,0.0
111,61118.0,0,2017-10-25,0.0,0.0
5,61118.0,MUEBLE 1 PUERTA Y 2 LEJAS BASIC WHITE,2017-10-26,75.12,1.0
112,61118.0,0,2017-10-27,0.0,0.0
113,61118.0,0,2017-10-28,0.0,0.0
114,61118.0,0,2017-10-29,0.0,0.0
115,61118.0,0,2017-10-30,0.0,0.0
116,61118.0,0,2017-10-31,0.0,0.0
6,61118.0,MUEBLE 1 PUERTA Y 2 LEJAS BASIC WHITE,2017-11-01,127.73,2.0
7,61118.0,MUEBLE 1 PUERTA Y 2 LEJAS BASIC WHITE,2017-11-02,63.86,1.0
117,61118.0,0,2017-11-03,0.0,0.0
118,61118.0,0,2017-11-04,0.0,0.0
8,61118.0,MUEBLE 1 PUERTA Y 2 LEJAS BASIC WHITE,2017-11-05,63.85,1.0
119,61118.0,0,2017-11-06,0.0,0.0
120,61118.0,0,2017-11-07,0.0,0.0
9,61118.0,MUEBLE 1 PUERTA Y 2 LEJAS BASIC WHITE,2017-11-08,63.86,1.0
121,61118.0,0,2017-11-09,0.0,0.0
122,61118.0,0,2017-11-10,0.0,0.0
123,61118.0,0,2017-11-11,0.0,0.0
124,61118.0,0,2017-11-12,0.0,0.0
125,61118.0,0,2017-11-13,0.0,0.0
126,61118.0,0,2017-11-14,0.0,0.0
127,61118.0,0,2017-11-15,0.0,0.0
10,61118.0,MUEBLE 1 PUERTA Y 2 LEJAS BASIC WHITE,2017-11-16,63.85,1.0
128,61118.0,0,2017-11-17,0.0,0.0
129,61118.0,0,2017-11-18,0.0,0.0
130,61118.0,0,2017-11-19,0.0,0.0
11,61118.0,MUEBLE 1 PUERTA Y 2 LEJAS BASIC WHITE,2017-11-20,63.85,1.0
131,61118.0,0,2017-11-21,0.0,0.0
132,61118.0,0,2017-11-22,0.0,0.0
133,61118.0,0,2017-11-23,0.0,0.0
12,61118.0,MUEBLE 1 PUERTA Y 2 LEJAS BASIC WHITE,2017-11-24,225.44,4.0
13,61118.0,MUEBLE 1 PUERTA Y 2 LEJAS BASIC WHITE,2017-11-25,112.72,2.0
14,61118.0,MUEBLE 1 PUERTA Y 2 LEJAS BASIC WHITE,2017-11-26,56.36,1.0
15,61118.0,MUEBLE 1 PUERTA Y 2 LEJAS BASIC WHITE,2017-11-27,112.73,2.0
134,61118.0,0,2017-11-28,0.0,0.0
135,61118.0,0,2017-11-29,0.0,0.0
136,61118.0,0,2017-11-30,0.0,0.0
137,61118.0,0,2017-12-01,0.0,0.0
138,61118.0,0,2017-12-02,0.0,0.0
139,61118.0,0,2017-12-03,0.0,0.0
140,61118.0,0,2017-12-04,0.0,0.0
141,61118.0,0,2017-12-05,0.0,0.0
142,61118.0,0,2017-12-06,0.0,0.0
143,61118.0,0,2017-12-07,0.0,0.0
144,61118.0,0,2017-12-08,0.0,0.0
145,61118.0,0,2017-12-09,0.0,0.0
16,61118.0,MUEBLE 1 PUERTA Y 2 LEJAS BASIC WHITE,2017-12-10,75.12,1.0
146,61118.0,0,2017-12-11,0.0,0.0
17,61118.0,MUEBLE 1 PUERTA Y 2 LEJAS BASIC WHITE,2017-12-12,75.12,1.0
18,61118.0,MUEBLE 1 PUERTA Y 2 LEJAS BASIC WHITE,2017-12-13,75.12,1.0
147,61118.0,0,2017-12-14,0.0,0.0
148,61118.0,0,2017-12-15,0.0,0.0
149,61118.0,0,2017-12-16,0.0,0.0
150,61118.0,0,2017-12-17,0.0,0.0
19,61118.0,MUEBLE 1 PUERTA Y 2 LEJAS BASIC WHITE,2017-12-18,75.12,1.0
20,61118.0,MUEBLE 1 PUERTA Y 2 LEJAS BASIC WHITE,2017-12-19,75.12,1.0
151,61118.0,0,2017-12-20,0.0,0.0
152,61118.0,0,2017-12-21,0.0,0.0
153,61118.0,0,2017-12-22,0.0,0.0
154,61118.0,0,2017-12-23,0.0,0.0
155,61118.0,0,2017-12-24,0.0,0.0
156,61118.0,0,2017-12-25,0.0,0.0
157,61118.0,0,2017-12-26,0.0,0.0
158,61118.0,0,2017-12-27,0.0,0.0
21,61118.0,MUEBLE 1 PUERTA Y 2 LEJAS BASIC WHITE,2017-12-28,75.12,1.0
159,61118.0,0,2017-12-29,0.0,0.0
160,61118.0,0,2017-12-30,0.0,0.0
161,61118.0,0,2017-12-31,0.0,0.0
162,61118.0,0,2018-01-01,0.0,0.0
163,61118.0,0,2018-01-02,0.0,0.0
164,61118.0,0,2018-01-03,0.0,0.0
165,61118.0,0,2018-01-04,0.0,0.0
166,61118.0,0,2018-01-05,0.0,0.0
22,61118.0,MUEBLE 1 PUERTA Y 2 LEJAS BASIC WHITE,2018-01-06,75.12,1.0
167,61118.0,0,2018-01-07,0.0,0.0
168,61118.0,0,2018-01-08,0.0,0.0
169,61118.0,0,2018-01-09,0.0,0.0
170,61118.0,0,2018-01-10,0.0,0.0
171,61118.0,0,2018-01-11,0.0,0.0
172,61118.0,0,2018-01-12,0.0,0.0
173,61118.0,0,2018-01-13,0.0,0.0
23,61118.0,MUEBLE 1 PUERTA Y 2 LEJAS BASIC WHITE,2018-01-14,60.08,1.0
174,61118.0,0,2018-01-15,0.0,0.0
175,61118.0,0,2018-01-16,0.0,0.0
24,61118.0,MUEBLE 1 PUERTA Y 2 LEJAS BASIC WHITE,2018-01-17,60.08,1.0
176,61118.0,0,2018-01-18,0.0,0.0
177,61118.0,0,2018-01-19,0.0,0.0
178,61118.0,0,2018-01-20,0.0,0.0
179,61118.0,0,2018-01-21,0.0,0.0
180,61118.0,0,2018-01-22,0.0,0.0
181,61118.0,0,2018-01-23,0.0,0.0
25,61118.0,MUEBLE 1 PUERTA Y 2 LEJAS BASIC WHITE,2018-01-24,60.08,1.0
182,61118.0,0,2018-01-25,0.0,0.0
183,61118.0,0,2018-01-26,0.0,0.0
184,61118.0,0,2018-01-27,0.0,0.0
185,61118.0,0,2018-01-28,0.0,0.0
186,61118.0,0,2018-01-29,0.0,0.0
187,61118.0,0,2018-01-30,0.0,0.0
26,61118.0,MUEBLE 1 PUERTA Y 2 LEJAS BASIC WHITE,2018-01-31,60.08,1.0
188,61118.0,0,2018-02-01,0.0,0.0
189,61118.0,0,2018-02-02,0.0,0.0
190,61118.0,0,2018-02-03,0.0,0.0
191,61118.0,0,2018-02-04,0.0,0.0
192,61118.0,0,2018-02-05,0.0,0.0
193,61118.0,0,2018-02-06,0.0,0.0
194,61118.0,0,2018-02-07,0.0,0.0
195,61118.0,0,2018-02-08,0.0,0.0
196,61118.0,0,2018-02-09,0.0,0.0
197,61118.0,0,2018-02-10,0.0,0.0
198,61118.0,0,2018-02-11,0.0,0.0
199,61118.0,0,2018-02-12,0.0,0.0
27,61118.0,MUEBLE 1 PUERTA Y 2 LEJAS BASIC WHITE,2018-02-13,120.16,2.0
200,61118.0,0,2018-02-14,0.0,0.0
201,61118.0,0,2018-02-15,0.0,0.0
202,61118.0,0,2018-02-16,0.0,0.0
203,61118.0,0,2018-02-17,0.0,0.0
204,61118.0,0,2018-02-18,0.0,0.0
205,61118.0,0,2018-02-19,0.0,0.0
206,61118.0,0,2018-02-20,0.0,0.0
207,61118.0,0,2018-02-21,0.0,0.0
208,61118.0,0,2018-02-22,0.0,0.0
209,61118.0,0,2018-02-23,0.0,0.0
210,61118.0,0,2018-02-24,0.0,0.0
211,61118.0,0,2018-02-25,0.0,0.0
212,61118.0,0,2018-02-26,0.0,0.0
28,61118.0,MUEBLE 1 PUERTA Y 2 LEJAS BASIC WHITE,2018-02-27,150.24,2.0
29,61118.0,MUEBLE 1 PUERTA Y 2 LEJAS BASIC WHITE,2018-02-28,75.12,1.0
30,61118.0,MUEBLE 1 PUERTA Y 2 LEJAS BASIC WHITE,2018-03-01,75.12,1.0
213,61118.0,0,2018-03-02,0.0,0.0
214,61118.0,0,2018-03-03,0.0,0.0
215,61118.0,0,2018-03-04,0.0,0.0
31,61118.0,MUEBLE 1 PUERTA Y 2 LEJAS BASIC WHITE,2018-03-05,75.12,1.0
216,61118.0,0,2018-03-06,0.0,0.0
217,61118.0,0,2018-03-07,0.0,0.0
32,61118.0,MUEBLE 1 PUERTA Y 2 LEJAS BASIC WHITE,2018-03-08,75.12,1.0
218,61118.0,0,2018-03-09,0.0,0.0
33,61118.0,MUEBLE 1 PUERTA Y 2 LEJAS BASIC WHITE,2018-03-10,75.12,1.0
219,61118.0,0,2018-03-11,0.0,0.0
34,61118.0,MUEBLE 1 PUERTA Y 2 LEJAS BASIC WHITE,2018-03-12,75.12,1.0
220,61118.0,0,2018-03-13,0.0,0.0
35,61118.0,MUEBLE 1 PUERTA Y 2 LEJAS BASIC WHITE,2018-03-14,75.12,1.0
221,61118.0,0,2018-03-15,0.0,0.0
222,61118.0,0,2018-03-16,0.0,0.0
223,61118.0,0,2018-03-17,0.0,0.0
224,61118.0,0,2018-03-18,0.0,0.0
225,61118.0,0,2018-03-19,0.0,0.0
36,61118.0,MUEBLE 1 PUERTA Y 2 LEJAS BASIC WHITE,2018-03-20,75.12,1.0
226,61118.0,0,2018-03-21,0.0,0.0
227,61118.0,0,2018-03-22,0.0,0.0
228,61118.0,0,2018-03-23,0.0,0.0
229,61118.0,0,2018-03-24,0.0,0.0
230,61118.0,0,2018-03-25,0.0,0.0
231,61118.0,0,2018-03-26,0.0,0.0
232,61118.0,0,2018-03-27,0.0,0.0
37,61118.0,MUEBLE 1 PUERTA Y 2 LEJAS BASIC WHITE,2018-03-28,75.12,1.0
38,61118.0,MUEBLE 1 PUERTA Y 2 LEJAS BASIC WHITE,2018-03-29,75.12,1.0
233,61118.0,0,2018-03-30,0.0,0.0
234,61118.0,0,2018-03-31,0.0,0.0
235,61118.0,0,2018-04-01,0.0,0.0
236,61118.0,0,2018-04-02,0.0,0.0
237,61118.0,0,2018-04-03,0.0,0.0
238,61118.0,0,2018-04-04,0.0,0.0
239,61118.0,0,2018-04-05,0.0,0.0
240,61118.0,0,2018-04-06,0.0,0.0
241,61118.0,0,2018-04-07,0.0,0.0
242,61118.0,0,2018-04-08,0.0,0.0
243,61118.0,0,2018-04-09,0.0,0.0
244,61118.0,0,2018-04-10,0.0,0.0
245,61118.0,0,2018-04-11,0.0,0.0
246,61118.0,0,2018-04-12,0.0,0.0
247,61118.0,0,2018-04-13,0.0,0.0
248,61118.0,0,2018-04-14,0.0,0.0
249,61118.0,0,2018-04-15,0.0,0.0
250,61118.0,0,2018-04-16,0.0,0.0
251,61118.0,0,2018-04-17,0.0,0.0
252,61118.0,0,2018-04-18,0.0,0.0
253,61118.0,0,2018-04-19,0.0,0.0
254,61118.0,0,2018-04-20,0.0,0.0
255,61118.0,0,2018-04-21,0.0,0.0
256,61118.0,0,2018-04-22,0.0,0.0
257,61118.0,0,2018-04-23,0.0,0.0
258,61118.0,0,2018-04-24,0.0,0.0
259,61118.0,0,2018-04-25,0.0,0.0
260,61118.0,0,2018-04-26,0.0,0.0
261,61118.0,0,2018-04-27,0.0,0.0
262,61118.0,0,2018-04-28,0.0,0.0
263,61118.0,0,2018-04-29,0.0,0.0
264,61118.0,0,2018-04-30,0.0,0.0
265,61118.0,0,2018-05-01,0.0,0.0
266,61118.0,0,2018-05-02,0.0,0.0
267,61118.0,0,2018-05-03,0.0,0.0
268,61118.0,0,2018-05-04,0.0,0.0
269,61118.0,0,2018-05-05,0.0,0.0
270,61118.0,0,2018-05-06,0.0,0.0
271,61118.0,0,2018-05-07,0.0,0.0
272,61118.0,0,2018-05-08,0.0,0.0
273,61118.0,0,2018-05-09,0.0,0.0
274,61118.0,0,2018-05-10,0.0,0.0
275,61118.0,0,2018-05-11,0.0,0.0
276,61118.0,0,2018-05-12,0.0,0.0
277,61118.0,0,2018-05-13,0.0,0.0
278,61118.0,0,2018-05-14,0.0,0.0
279,61118.0,0,2018-05-15,0.0,0.0
280,61118.0,0,2018-05-16,0.0,0.0
281,61118.0,0,2018-05-17,0.0,0.0
282,61118.0,0,2018-05-18,0.0,0.0
283,61118.0,0,2018-05-19,0.0,0.0
284,61118.0,0,2018-05-20,0.0,0.0
285,61118.0,0,2018-05-21,0.0,0.0
286,61118.0,0,2018-05-22,0.0,0.0
287,61118.0,0,2018-05-23,0.0,0.0
288,61118.0,0,2018-05-24,0.0,0.0
289,61118.0,0,2018-05-25,0.0,0.0
290,61118.0,0,2018-05-26,0.0,0.0
291,61118.0,0,2018-05-27,0.0,0.0
292,61118.0,0,2018-05-28,0.0,0.0
39,61118.0,MUEBLE 1 PUERTA Y 2 LEJAS BASIC WHITE,2018-05-29,75.12,1.0
293,61118.0,0,2018-05-30,0.0,0.0
294,61118.0,0,2018-05-31,0.0,0.0
295,61118.0,0,2018-06-01,0.0,0.0
296,61118.0,0,2018-06-02,0.0,0.0
297,61118.0,0,2018-06-03,0.0,0.0
298,61118.0,0,2018-06-04,0.0,0.0
299,61118.0,0,2018-06-05,0.0,0.0
300,61118.0,0,2018-06-06,0.0,0.0
301,61118.0,0,2018-06-07,0.0,0.0
302,61118.0,0,2018-06-08,0.0,0.0
303,61118.0,0,2018-06-09,0.0,0.0
304,61118.0,0,2018-06-10,0.0,0.0
305,61118.0,0,2018-06-11,0.0,0.0
306,61118.0,0,2018-06-12,0.0,0.0
307,61118.0,0,2018-06-13,0.0,0.0
308,61118.0,0,2018-06-14,0.0,0.0
309,61118.0,0,2018-06-15,0.0,0.0
310,61118.0,0,2018-06-16,0.0,0.0
311,61118.0,0,2018-06-17,0.0,0.0
312,61118.0,0,2018-06-18,0.0,0.0
313,61118.0,0,2018-06-19,0.0,0.0
314,61118.0,0,2018-06-20,0.0,0.0
315,61118.0,0,2018-06-21,0.0,0.0
316,61118.0,0,2018-06-22,0.0,0.0
317,61118.0,0,2018-06-23,0.0,0.0
318,61118.0,0,2018-06-24,0.0,0.0
319,61118.0,0,2018-06-25,0.0,0.0
320,61118.0,0,2018-06-26,0.0,0.0
321,61118.0,0,2018-06-27,0.0,0.0
322,61118.0,0,2018-06-28,0.0,0.0
323,61118.0,0,2018-06-29,0.0,0.0
40,61118.0,MUEBLE 1 PUERTA Y 2 LEJAS BASIC WHITE,2018-06-30,75.12,1.0
324,61118.0,0,2018-07-01,0.0,0.0
325,61118.0,0,2018-07-02,0.0,0.0
41,61118.0,MUEBLE 1 PUERTA Y 2 LEJAS BASIC WHITE,2018-07-03,150.24,2.0
326,61118.0,0,2018-07-04,0.0,0.0
327,61118.0,0,2018-07-05,0.0,0.0
328,61118.0,0,2018-07-06,0.0,0.0
329,61118.0,0,2018-07-07,0.0,0.0
330,61118.0,0,2018-07-08,0.0,0.0
331,61118.0,0,2018-07-09,0.0,0.0
332,61118.0,0,2018-07-10,0.0,0.0
333,61118.0,0,2018-07-11,0.0,0.0
334,61118.0,0,2018-07-12,0.0,0.0
335,61118.0,0,2018-07-13,0.0,0.0
336,61118.0,0,2018-07-14,0.0,0.0
337,61118.0,0,2018-07-15,0.0,0.0
338,61118.0,0,2018-07-16,0.0,0.0
339,61118.0,0,2018-07-17,0.0,0.0
340,61118.0,0,2018-07-18,0.0,0.0
341,61118.0,0,2018-07-19,0.0,0.0
342,61118.0,0,2018-07-20,0.0,0.0
343,61118.0,0,2018-07-21,0.0,0.0
344,61118.0,0,2018-07-22,0.0,0.0
345,61118.0,0,2018-07-23,0.0,0.0
346,61118.0,0,2018-07-24,0.0,0.0
347,61118.0,0,2018-07-25,0.0,0.0
348,61118.0,0,2018-07-26,0.0,0.0
349,61118.0,0,2018-07-27,0.0,0.0
350,61118.0,0,2018-07-28,0.0,0.0
42,61118.0,MUEBLE 1 PUERTA Y 2 LEJAS BASIC WHITE,2018-07-29,75.12,1.0
351,61118.0,0,2018-07-30,0.0,0.0
352,61118.0,0,2018-07-31,0.0,0.0
353,61118.0,0,2018-08-01,0.0,0.0
354,61118.0,0,2018-08-02,0.0,0.0
355,61118.0,0,2018-08-03,0.0,0.0
356,61118.0,0,2018-08-04,0.0,0.0
357,61118.0,0,2018-08-05,0.0,0.0
358,61118.0,0,2018-08-06,0.0,0.0
359,61118.0,0,2018-08-07,0.0,0.0
360,61118.0,0,2018-08-08,0.0,0.0
43,61118.0,MUEBLE 1 PUERTA Y 2 LEJAS BASIC WHITE,2018-08-09,67.61,1.0
361,61118.0,0,2018-08-10,0.0,0.0
362,61118.0,0,2018-08-11,0.0,0.0
363,61118.0,0,2018-08-12,0.0,0.0
364,61118.0,0,2018-08-13,0.0,0.0
365,61118.0,0,2018-08-14,0.0,0.0
366,61118.0,0,2018-08-15,0.0,0.0
367,61118.0,0,2018-08-16,0.0,0.0
368,61118.0,0,2018-08-17,0.0,0.0
369,61118.0,0,2018-08-18,0.0,0.0
370,61118.0,0,2018-08-19,0.0,0.0
371,61118.0,0,2018-08-20,0.0,0.0
372,61118.0,0,2018-08-21,0.0,0.0
373,61118.0,0,2018-08-22,0.0,0.0
374,61118.0,0,2018-08-23,0.0,0.0
375,61118.0,0,2018-08-24,0.0,0.0
376,61118.0,0,2018-08-25,0.0,0.0
377,61118.0,0,2018-08-26,0.0,0.0
378,61118.0,0,2018-08-27,0.0,0.0
379,61118.0,0,2018-08-28,0.0,0.0
380,61118.0,0,2018-08-29,0.0,0.0
381,61118.0,0,2018-08-30,0.0,0.0
382,61118.0,0,2018-08-31,0.0,0.0
383,61118.0,0,2018-09-01,0.0,0.0
384,61118.0,0,2018-09-02,0.0,0.0
385,61118.0,0,2018-09-03,0.0,0.0
386,61118.0,0,2018-09-04,0.0,0.0
387,61118.0,0,2018-09-05,0.0,0.0
388,61118.0,0,2018-09-06,0.0,0.0
389,61118.0,0,2018-09-07,0.0,0.0
390,61118.0,0,2018-09-08,0.0,0.0
391,61118.0,0,2018-09-09,0.0,0.0
392,61118.0,0,2018-09-10,0.0,0.0
393,61118.0,0,2018-09-11,0.0,0.0
394,61118.0,0,2018-09-12,0.0,0.0
395,61118.0,0,2018-09-13,0.0,0.0
396,61118.0,0,2018-09-14,0.0,0.0
397,61118.0,0,2018-09-15,0.0,0.0
398,61118.0,0,2018-09-16,0.0,0.0
399,61118.0,0,2018-09-17,0.0,0.0
400,61118.0,0,2018-09-18,0.0,0.0
401,61118.0,0,2018-09-19,0.0,0.0
402,61118.0,0,2018-09-20,0.0,0.0
403,61118.0,0,2018-09-21,0.0,0.0
404,61118.0,0,2018-09-22,0.0,0.0
405,61118.0,0,2018-09-23,0.0,0.0
406,61118.0,0,2018-09-24,0.0,0.0
407,61118.0,0,2018-09-25,0.0,0.0
408,61118.0,0,2018-09-26,0.0,0.0
409,61118.0,0,2018-09-27,0.0,0.0
410,61118.0,0,2018-09-28,0.0,0.0
44,61118.0,MUEBLE 1 PUERTA Y 2 LEJAS BASIC WHITE,2018-09-29,67.61,1.0
411,61118.0,0,2018-09-30,0.0,0.0
412,61118.0,0,2018-10-01,0.0,0.0
413,61118.0,0,2018-10-02,0.0,0.0
45,61118.0,MUEBLE 1 PUERTA Y 2 LEJAS BASIC WHITE,2018-10-03,75.12,1.0
414,61118.0,0,2018-10-04,0.0,0.0
415,61118.0,0,2018-10-05,0.0,0.0
416,61118.0,0,2018-10-06,0.0,0.0
417,61118.0,0,2018-10-07,0.0,0.0
418,61118.0,0,2018-10-08,0.0,0.0
419,61118.0,0,2018-10-09,0.0,0.0
46,61118.0,MUEBLE 1 PUERTA Y 2 LEJAS BASIC WHITE,2018-10-10,75.12,1.0
420,61118.0,0,2018-10-11,0.0,0.0
421,61118.0,0,2018-10-12,0.0,0.0
422,61118.0,0,2018-10-13,0.0,0.0
423,61118.0,0,2018-10-14,0.0,0.0
424,61118.0,0,2018-10-15,0.0,0.0
425,61118.0,0,2018-10-16,0.0,0.0
47,61118.0,MUEBLE 1 PUERTA Y 2 LEJAS BASIC WHITE,2018-10-17,75.12,1.0
426,61118.0,0,2018-10-18,0.0,0.0
427,61118.0,0,2018-10-19,0.0,0.0
428,61118.0,0,2018-10-20,0.0,0.0
429,61118.0,0,2018-10-21,0.0,0.0
430,61118.0,0,2018-10-22,0.0,0.0
431,61118.0,0,2018-10-23,0.0,0.0
432,61118.0,0,2018-10-24,0.0,0.0
433,61118.0,0,2018-10-25,0.0,0.0
434,61118.0,0,2018-10-26,0.0,0.0
435,61118.0,0,2018-10-27,0.0,0.0
436,61118.0,0,2018-10-28,0.0,0.0
437,61118.0,0,2018-10-29,0.0,0.0
438,61118.0,0,2018-10-30,0.0,0.0
439,61118.0,0,2018-10-31,0.0,0.0
440,61118.0,0,2018-11-01,0.0,0.0
441,61118.0,0,2018-11-02,0.0,0.0
442,61118.0,0,2018-11-03,0.0,0.0
443,61118.0,0,2018-11-04,0.0,0.0
48,61118.0,MUEBLE 1 PUERTA Y 2 LEJAS BASIC WHITE,2018-11-05,67.61,1.0
444,61118.0,0,2018-11-06,0.0,0.0
445,61118.0,0,2018-11-07,0.0,0.0
446,61118.0,0,2018-11-08,0.0,0.0
447,61118.0,0,2018-11-09,0.0,0.0
448,61118.0,0,2018-11-10,0.0,0.0
449,61118.0,0,2018-11-11,0.0,0.0
49,61118.0,MUEBLE 1 PUERTA Y 2 LEJAS BASIC WHITE,2018-11-12,67.61,1.0
450,61118.0,0,2018-11-13,0.0,0.0
451,61118.0,0,2018-11-14,0.0,0.0
452,61118.0,0,2018-11-15,0.0,0.0
453,61118.0,0,2018-11-16,0.0,0.0
454,61118.0,0,2018-11-17,0.0,0.0
455,61118.0,0,2018-11-18,0.0,0.0
456,61118.0,0,2018-11-19,0.0,0.0
457,61118.0,0,2018-11-20,0.0,0.0
458,61118.0,0,2018-11-21,0.0,0.0
459,61118.0,0,2018-11-22,0.0,0.0
460,61118.0,0,2018-11-23,0.0,0.0
50,61118.0,MUEBLE 1 PUERTA Y 2 LEJAS BASIC WHITE,2018-11-24,67.6,1.0
461,61118.0,0,2018-11-25,0.0,0.0
462,61118.0,0,2018-11-26,0.0,0.0
463,61118.0,0,2018-11-27,0.0,0.0
51,61118.0,MUEBLE 1 PUERTA Y 2 LEJAS BASIC WHITE,2018-11-28,75.12,1.0
464,61118.0,0,2018-11-29,0.0,0.0
465,61118.0,0,2018-11-30,0.0,0.0
466,61118.0,0,2018-12-01,0.0,0.0
467,61118.0,0,2018-12-02,0.0,0.0
468,61118.0,0,2018-12-03,0.0,0.0
469,61118.0,0,2018-12-04,0.0,0.0
470,61118.0,0,2018-12-05,0.0,0.0
471,61118.0,0,2018-12-06,0.0,0.0
472,61118.0,0,2018-12-07,0.0,0.0
473,61118.0,0,2018-12-08,0.0,0.0
474,61118.0,0,2018-12-09,0.0,0.0
475,61118.0,0,2018-12-10,0.0,0.0
476,61118.0,0,2018-12-11,0.0,0.0
477,61118.0,0,2018-12-12,0.0,0.0
478,61118.0,0,2018-12-13,0.0,0.0
479,61118.0,0,2018-12-14,0.0,0.0
480,61118.0,0,2018-12-15,0.0,0.0
481,61118.0,0,2018-12-16,0.0,0.0
482,61118.0,0,2018-12-17,0.0,0.0
483,61118.0,0,2018-12-18,0.0,0.0
484,61118.0,0,2018-12-19,0.0,0.0
485,61118.0,0,2018-12-20,0.0,0.0
486,61118.0,0,2018-12-21,0.0,0.0
487,61118.0,0,2018-12-22,0.0,0.0
488,61118.0,0,2018-12-23,0.0,0.0
489,61118.0,0,2018-12-24,0.0,0.0
490,61118.0,0,2018-12-25,0.0,0.0
491,61118.0,0,2018-12-26,0.0,0.0
492,61118.0,0,2018-12-27,0.0,0.0
493,61118.0,0,2018-12-28,0.0,0.0
52,61118.0,MUEBLE 1 PUERTA Y 2 LEJAS BASIC WHITE,2018-12-29,75.12,1.0
494,61118.0,0,2018-12-30,0.0,0.0
495,61118.0,0,2018-12-31,0.0,0.0
496,61118.0,0,2019-01-01,0.0,0.0
497,61118.0,0,2019-01-02,0.0,0.0
498,61118.0,0,2019-01-03,0.0,0.0
499,61118.0,0,2019-01-04,0.0,0.0
500,61118.0,0,2019-01-05,0.0,0.0
501,61118.0,0,2019-01-06,0.0,0.0
53,61118.0,MUEBLE 1 PUERTA Y 2 LEJAS BASIC WHITE,2019-01-07,67.61,1.0
54,61118.0,MUEBLE 1 PUERTA Y 2 LEJAS BASIC WHITE,2019-01-08,67.6,1.0
502,61118.0,0,2019-01-09,0.0,0.0
503,61118.0,0,2019-01-10,0.0,0.0
504,61118.0,0,2019-01-11,0.0,0.0
505,61118.0,0,2019-01-12,0.0,0.0
55,61118.0,MUEBLE 1 PUERTA Y 2 LEJAS BASIC WHITE,2019-01-13,67.6,1.0
506,61118.0,0,2019-01-14,0.0,0.0
507,61118.0,0,2019-01-15,0.0,0.0
508,61118.0,0,2019-01-16,0.0,0.0
509,61118.0,0,2019-01-17,0.0,0.0
510,61118.0,0,2019-01-18,0.0,0.0
511,61118.0,0,2019-01-19,0.0,0.0
56,61118.0,MUEBLE 1 PUERTA Y 2 LEJAS BASIC WHITE,2019-01-20,67.6,1.0
512,61118.0,0,2019-01-21,0.0,0.0
513,61118.0,0,2019-01-22,0.0,0.0
514,61118.0,0,2019-01-23,0.0,0.0
515,61118.0,0,2019-01-24,0.0,0.0
516,61118.0,0,2019-01-25,0.0,0.0
517,61118.0,0,2019-01-26,0.0,0.0
518,61118.0,0,2019-01-27,0.0,0.0
519,61118.0,0,2019-01-28,0.0,0.0
520,61118.0,0,2019-01-29,0.0,0.0
521,61118.0,0,2019-01-30,0.0,0.0
522,61118.0,0,2019-01-31,0.0,0.0
523,61118.0,0,2019-02-01,0.0,0.0
524,61118.0,0,2019-02-02,0.0,0.0
525,61118.0,0,2019-02-03,0.0,0.0
526,61118.0,0,2019-02-04,0.0,0.0
527,61118.0,0,2019-02-05,0.0,0.0
528,61118.0,0,2019-02-06,0.0,0.0
529,61118.0,0,2019-02-07,0.0,0.0
530,61118.0,0,2019-02-08,0.0,0.0
531,61118.0,0,2019-02-09,0.0,0.0
532,61118.0,0,2019-02-10,0.0,0.0
533,61118.0,0,2019-02-11,0.0,0.0
534,61118.0,0,2019-02-12,0.0,0.0
57,61118.0,MUEBLE 1 PUERTA Y 2 LEJAS BASIC WHITE,2019-02-13,63.88,1.0
535,61118.0,0,2019-02-14,0.0,0.0
536,61118.0,0,2019-02-15,0.0,0.0
537,61118.0,0,2019-02-16,0.0,0.0
538,61118.0,0,2019-02-17,0.0,0.0
539,61118.0,0,2019-02-18,0.0,0.0
540,61118.0,0,2019-02-19,0.0,0.0
541,61118.0,0,2019-02-20,0.0,0.0
542,61118.0,0,2019-02-21,0.0,0.0
543,61118.0,0,2019-02-22,0.0,0.0
544,61118.0,0,2019-02-23,0.0,0.0
58,61118.0,MUEBLE 1 PUERTA Y 2 LEJAS BASIC WHITE,2019-02-24,63.88,1.0
545,61118.0,0,2019-02-25,0.0,0.0
546,61118.0,0,2019-02-26,0.0,0.0
547,61118.0,0,2019-02-27,0.0,0.0
548,61118.0,0,2019-02-28,0.0,0.0
549,61118.0,0,2019-03-01,0.0,0.0
550,61118.0,0,2019-03-02,0.0,0.0
551,61118.0,0,2019-03-03,0.0,0.0
552,61118.0,0,2019-03-04,0.0,0.0
59,61118.0,MUEBLE 1 PUERTA Y 2 LEJAS BASIC WHITE,2019-03-05,75.13,1.0
553,61118.0,0,2019-03-06,0.0,0.0
554,61118.0,0,2019-03-07,0.0,0.0
555,61118.0,0,2019-03-08,0.0,0.0
556,61118.0,0,2019-03-09,0.0,0.0
557,61118.0,0,2019-03-10,0.0,0.0
558,61118.0,0,2019-03-11,0.0,0.0
60,61118.0,MUEBLE 1 PUERTA Y 2 LEJAS BASIC WHITE,2019-03-12,75.12,1.0
559,61118.0,0,2019-03-13,0.0,0.0
560,61118.0,0,2019-03-14,0.0,0.0
561,61118.0,0,2019-03-15,0.0,0.0
562,61118.0,0,2019-03-16,0.0,0.0
563,61118.0,0,2019-03-17,0.0,0.0
564,61118.0,0,2019-03-18,0.0,0.0
565,61118.0,0,2019-03-19,0.0,0.0
566,61118.0,0,2019-03-20,0.0,0.0
567,61118.0,0,2019-03-21,0.0,0.0
568,61118.0,0,2019-03-22,0.0,0.0
569,61118.0,0,2019-03-23,0.0,0.0
570,61118.0,0,2019-03-24,0.0,0.0
61,61118.0,MUEBLE 1 PUERTA Y 2 LEJAS BASIC WHITE,2019-03-25,75.12,1.0
571,61118.0,0,2019-03-26,0.0,0.0
572,61118.0,0,2019-03-27,0.0,0.0
573,61118.0,0,2019-03-28,0.0,0.0
62,61118.0,MUEBLE 1 PUERTA Y 2 LEJAS BASIC WHITE,2019-03-29,75.12,1.0
574,61118.0,0,2019-03-30,0.0,0.0
575,61118.0,0,2019-03-31,0.0,0.0
