,Reference,Name,Dates,Net_Incomes,Units_Sold
40,61514.0,0,2017-09-02,0.0,0.0
41,61514.0,0,2017-09-03,0.0,0.0
42,61514.0,0,2017-09-04,0.0,0.0
43,61514.0,0,2017-09-05,0.0,0.0
44,61514.0,0,2017-09-06,0.0,0.0
45,61514.0,0,2017-09-07,0.0,0.0
46,61514.0,0,2017-09-08,0.0,0.0
47,61514.0,0,2017-09-09,0.0,0.0
48,61514.0,0,2017-09-10,0.0,0.0
49,61514.0,0,2017-09-11,0.0,0.0
50,61514.0,0,2017-09-12,0.0,0.0
51,61514.0,0,2017-09-13,0.0,0.0
52,61514.0,0,2017-09-14,0.0,0.0
53,61514.0,0,2017-09-15,0.0,0.0
54,61514.0,0,2017-09-16,0.0,0.0
55,61514.0,0,2017-09-17,0.0,0.0
56,61514.0,0,2017-09-18,0.0,0.0
57,61514.0,0,2017-09-19,0.0,0.0
58,61514.0,0,2017-09-20,0.0,0.0
59,61514.0,0,2017-09-21,0.0,0.0
60,61514.0,0,2017-09-22,0.0,0.0
61,61514.0,0,2017-09-23,0.0,0.0
62,61514.0,0,2017-09-24,0.0,0.0
63,61514.0,0,2017-09-25,0.0,0.0
64,61514.0,0,2017-09-26,0.0,0.0
65,61514.0,0,2017-09-27,0.0,0.0
66,61514.0,0,2017-09-28,0.0,0.0
67,61514.0,0,2017-09-29,0.0,0.0
68,61514.0,0,2017-09-30,0.0,0.0
69,61514.0,0,2017-10-01,0.0,0.0
70,61514.0,0,2017-10-02,0.0,0.0
71,61514.0,0,2017-10-03,0.0,0.0
72,61514.0,0,2017-10-04,0.0,0.0
73,61514.0,0,2017-10-05,0.0,0.0
74,61514.0,0,2017-10-06,0.0,0.0
75,61514.0,0,2017-10-07,0.0,0.0
76,61514.0,0,2017-10-08,0.0,0.0
77,61514.0,0,2017-10-09,0.0,0.0
78,61514.0,0,2017-10-10,0.0,0.0
79,61514.0,0,2017-10-11,0.0,0.0
80,61514.0,0,2017-10-12,0.0,0.0
81,61514.0,0,2017-10-13,0.0,0.0
82,61514.0,0,2017-10-14,0.0,0.0
83,61514.0,0,2017-10-15,0.0,0.0
84,61514.0,0,2017-10-16,0.0,0.0
85,61514.0,0,2017-10-17,0.0,0.0
86,61514.0,0,2017-10-18,0.0,0.0
87,61514.0,0,2017-10-19,0.0,0.0
88,61514.0,0,2017-10-20,0.0,0.0
89,61514.0,0,2017-10-21,0.0,0.0
90,61514.0,0,2017-10-22,0.0,0.0
91,61514.0,0,2017-10-23,0.0,0.0
92,61514.0,0,2017-10-24,0.0,0.0
93,61514.0,0,2017-10-25,0.0,0.0
94,61514.0,0,2017-10-26,0.0,0.0
95,61514.0,0,2017-10-27,0.0,0.0
96,61514.0,0,2017-10-28,0.0,0.0
97,61514.0,0,2017-10-29,0.0,0.0
98,61514.0,0,2017-10-30,0.0,0.0
99,61514.0,0,2017-10-31,0.0,0.0
100,61514.0,0,2017-11-01,0.0,0.0
101,61514.0,0,2017-11-02,0.0,0.0
102,61514.0,0,2017-11-03,0.0,0.0
103,61514.0,0,2017-11-04,0.0,0.0
104,61514.0,0,2017-11-05,0.0,0.0
105,61514.0,0,2017-11-06,0.0,0.0
106,61514.0,0,2017-11-07,0.0,0.0
107,61514.0,0,2017-11-08,0.0,0.0
108,61514.0,0,2017-11-09,0.0,0.0
109,61514.0,0,2017-11-10,0.0,0.0
110,61514.0,0,2017-11-11,0.0,0.0
111,61514.0,0,2017-11-12,0.0,0.0
112,61514.0,0,2017-11-13,0.0,0.0
113,61514.0,0,2017-11-14,0.0,0.0
114,61514.0,0,2017-11-15,0.0,0.0
115,61514.0,0,2017-11-16,0.0,0.0
116,61514.0,0,2017-11-17,0.0,0.0
117,61514.0,0,2017-11-18,0.0,0.0
118,61514.0,0,2017-11-19,0.0,0.0
119,61514.0,0,2017-11-20,0.0,0.0
120,61514.0,0,2017-11-21,0.0,0.0
121,61514.0,0,2017-11-22,0.0,0.0
122,61514.0,0,2017-11-23,0.0,0.0
0,61514.0,LÁMPARA CAUCHO,2017-11-24,24.51,1.0
123,61514.0,0,2017-11-25,0.0,0.0
124,61514.0,0,2017-11-26,0.0,0.0
125,61514.0,0,2017-11-27,0.0,0.0
126,61514.0,0,2017-11-28,0.0,0.0
127,61514.0,0,2017-11-29,0.0,0.0
128,61514.0,0,2017-11-30,0.0,0.0
129,61514.0,0,2017-12-01,0.0,0.0
130,61514.0,0,2017-12-02,0.0,0.0
131,61514.0,0,2017-12-03,0.0,0.0
132,61514.0,0,2017-12-04,0.0,0.0
133,61514.0,0,2017-12-05,0.0,0.0
134,61514.0,0,2017-12-06,0.0,0.0
135,61514.0,0,2017-12-07,0.0,0.0
136,61514.0,0,2017-12-08,0.0,0.0
137,61514.0,0,2017-12-09,0.0,0.0
138,61514.0,0,2017-12-10,0.0,0.0
139,61514.0,0,2017-12-11,0.0,0.0
140,61514.0,0,2017-12-12,0.0,0.0
141,61514.0,0,2017-12-13,0.0,0.0
142,61514.0,0,2017-12-14,0.0,0.0
143,61514.0,0,2017-12-15,0.0,0.0
144,61514.0,0,2017-12-16,0.0,0.0
145,61514.0,0,2017-12-17,0.0,0.0
146,61514.0,0,2017-12-18,0.0,0.0
147,61514.0,0,2017-12-19,0.0,0.0
148,61514.0,0,2017-12-20,0.0,0.0
149,61514.0,0,2017-12-21,0.0,0.0
150,61514.0,0,2017-12-22,0.0,0.0
151,61514.0,0,2017-12-23,0.0,0.0
152,61514.0,0,2017-12-24,0.0,0.0
153,61514.0,0,2017-12-25,0.0,0.0
154,61514.0,0,2017-12-26,0.0,0.0
155,61514.0,0,2017-12-27,0.0,0.0
156,61514.0,0,2017-12-28,0.0,0.0
157,61514.0,0,2017-12-29,0.0,0.0
158,61514.0,0,2017-12-30,0.0,0.0
159,61514.0,0,2017-12-31,0.0,0.0
160,61514.0,0,2018-01-01,0.0,0.0
161,61514.0,0,2018-01-02,0.0,0.0
162,61514.0,0,2018-01-03,0.0,0.0
163,61514.0,0,2018-01-04,0.0,0.0
164,61514.0,0,2018-01-05,0.0,0.0
165,61514.0,0,2018-01-06,0.0,0.0
166,61514.0,0,2018-01-07,0.0,0.0
167,61514.0,0,2018-01-08,0.0,0.0
168,61514.0,0,2018-01-09,0.0,0.0
169,61514.0,0,2018-01-10,0.0,0.0
1,61514.0,LÁMPARA CAUCHO,2018-01-11,23.06,1.0
170,61514.0,0,2018-01-12,0.0,0.0
171,61514.0,0,2018-01-13,0.0,0.0
172,61514.0,0,2018-01-14,0.0,0.0
173,61514.0,0,2018-01-15,0.0,0.0
174,61514.0,0,2018-01-16,0.0,0.0
2,61514.0,LÁMPARA CAUCHO,2018-01-17,23.06,1.0
175,61514.0,0,2018-01-18,0.0,0.0
176,61514.0,0,2018-01-19,0.0,0.0
177,61514.0,0,2018-01-20,0.0,0.0
178,61514.0,0,2018-01-21,0.0,0.0
179,61514.0,0,2018-01-22,0.0,0.0
180,61514.0,0,2018-01-23,0.0,0.0
181,61514.0,0,2018-01-24,0.0,0.0
182,61514.0,0,2018-01-25,0.0,0.0
183,61514.0,0,2018-01-26,0.0,0.0
184,61514.0,0,2018-01-27,0.0,0.0
185,61514.0,0,2018-01-28,0.0,0.0
3,61514.0,LÁMPARA CAUCHO,2018-01-29,23.06,1.0
186,61514.0,0,2018-01-30,0.0,0.0
187,61514.0,0,2018-01-31,0.0,0.0
188,61514.0,0,2018-02-01,0.0,0.0
4,61514.0,LÁMPARA CAUCHO,2018-02-02,23.06,1.0
189,61514.0,0,2018-02-03,0.0,0.0
190,61514.0,0,2018-02-04,0.0,0.0
191,61514.0,0,2018-02-05,0.0,0.0
192,61514.0,0,2018-02-06,0.0,0.0
5,61514.0,LÁMPARA CAUCHO,2018-02-07,86.62,4.0
193,61514.0,0,2018-02-08,0.0,0.0
6,61514.0,LÁMPARA CAUCHO,2018-02-09,21.65,1.0
194,61514.0,0,2018-02-10,0.0,0.0
195,61514.0,0,2018-02-11,0.0,0.0
196,61514.0,0,2018-02-12,0.0,0.0
197,61514.0,0,2018-02-13,0.0,0.0
198,61514.0,0,2018-02-14,0.0,0.0
199,61514.0,0,2018-02-15,0.0,0.0
200,61514.0,0,2018-02-16,0.0,0.0
201,61514.0,0,2018-02-17,0.0,0.0
202,61514.0,0,2018-02-18,0.0,0.0
203,61514.0,0,2018-02-19,0.0,0.0
204,61514.0,0,2018-02-20,0.0,0.0
205,61514.0,0,2018-02-21,0.0,0.0
206,61514.0,0,2018-02-22,0.0,0.0
207,61514.0,0,2018-02-23,0.0,0.0
208,61514.0,0,2018-02-24,0.0,0.0
209,61514.0,0,2018-02-25,0.0,0.0
210,61514.0,0,2018-02-26,0.0,0.0
211,61514.0,0,2018-02-27,0.0,0.0
212,61514.0,0,2018-02-28,0.0,0.0
213,61514.0,0,2018-03-01,0.0,0.0
214,61514.0,0,2018-03-02,0.0,0.0
7,61514.0,LÁMPARA CAUCHO,2018-03-03,28.84,1.0
215,61514.0,0,2018-03-04,0.0,0.0
216,61514.0,0,2018-03-05,0.0,0.0
8,61514.0,LÁMPARA CAUCHO,2018-03-06,57.69,2.0
217,61514.0,0,2018-03-07,0.0,0.0
218,61514.0,0,2018-03-08,0.0,0.0
219,61514.0,0,2018-03-09,0.0,0.0
220,61514.0,0,2018-03-10,0.0,0.0
221,61514.0,0,2018-03-11,0.0,0.0
9,61514.0,LÁMPARA CAUCHO,2018-03-12,28.84,1.0
222,61514.0,0,2018-03-13,0.0,0.0
223,61514.0,0,2018-03-14,0.0,0.0
224,61514.0,0,2018-03-15,0.0,0.0
225,61514.0,0,2018-03-16,0.0,0.0
226,61514.0,0,2018-03-17,0.0,0.0
227,61514.0,0,2018-03-18,0.0,0.0
228,61514.0,0,2018-03-19,0.0,0.0
229,61514.0,0,2018-03-20,0.0,0.0
230,61514.0,0,2018-03-21,0.0,0.0
231,61514.0,0,2018-03-22,0.0,0.0
232,61514.0,0,2018-03-23,0.0,0.0
233,61514.0,0,2018-03-24,0.0,0.0
234,61514.0,0,2018-03-25,0.0,0.0
235,61514.0,0,2018-03-26,0.0,0.0
236,61514.0,0,2018-03-27,0.0,0.0
237,61514.0,0,2018-03-28,0.0,0.0
238,61514.0,0,2018-03-29,0.0,0.0
239,61514.0,0,2018-03-30,0.0,0.0
240,61514.0,0,2018-03-31,0.0,0.0
241,61514.0,0,2018-04-01,0.0,0.0
242,61514.0,0,2018-04-02,0.0,0.0
243,61514.0,0,2018-04-03,0.0,0.0
244,61514.0,0,2018-04-04,0.0,0.0
245,61514.0,0,2018-04-05,0.0,0.0
246,61514.0,0,2018-04-06,0.0,0.0
247,61514.0,0,2018-04-07,0.0,0.0
248,61514.0,0,2018-04-08,0.0,0.0
10,61514.0,LÁMPARA CAUCHO,2018-04-09,28.84,1.0
249,61514.0,0,2018-04-10,0.0,0.0
250,61514.0,0,2018-04-11,0.0,0.0
11,61514.0,LÁMPARA CAUCHO,2018-04-12,28.84,1.0
251,61514.0,0,2018-04-13,0.0,0.0
252,61514.0,0,2018-04-14,0.0,0.0
253,61514.0,0,2018-04-15,0.0,0.0
254,61514.0,0,2018-04-16,0.0,0.0
255,61514.0,0,2018-04-17,0.0,0.0
256,61514.0,0,2018-04-18,0.0,0.0
257,61514.0,0,2018-04-19,0.0,0.0
258,61514.0,0,2018-04-20,0.0,0.0
259,61514.0,0,2018-04-21,0.0,0.0
260,61514.0,0,2018-04-22,0.0,0.0
12,61514.0,LÁMPARA CAUCHO,2018-04-23,28.84,1.0
261,61514.0,0,2018-04-24,0.0,0.0
262,61514.0,0,2018-04-25,0.0,0.0
263,61514.0,0,2018-04-26,0.0,0.0
264,61514.0,0,2018-04-27,0.0,0.0
265,61514.0,0,2018-04-28,0.0,0.0
266,61514.0,0,2018-04-29,0.0,0.0
267,61514.0,0,2018-04-30,0.0,0.0
268,61514.0,0,2018-05-01,0.0,0.0
269,61514.0,0,2018-05-02,0.0,0.0
270,61514.0,0,2018-05-03,0.0,0.0
271,61514.0,0,2018-05-04,0.0,0.0
272,61514.0,0,2018-05-05,0.0,0.0
273,61514.0,0,2018-05-06,0.0,0.0
274,61514.0,0,2018-05-07,0.0,0.0
275,61514.0,0,2018-05-08,0.0,0.0
276,61514.0,0,2018-05-09,0.0,0.0
277,61514.0,0,2018-05-10,0.0,0.0
278,61514.0,0,2018-05-11,0.0,0.0
279,61514.0,0,2018-05-12,0.0,0.0
280,61514.0,0,2018-05-13,0.0,0.0
281,61514.0,0,2018-05-14,0.0,0.0
282,61514.0,0,2018-05-15,0.0,0.0
283,61514.0,0,2018-05-16,0.0,0.0
284,61514.0,0,2018-05-17,0.0,0.0
285,61514.0,0,2018-05-18,0.0,0.0
286,61514.0,0,2018-05-19,0.0,0.0
287,61514.0,0,2018-05-20,0.0,0.0
288,61514.0,0,2018-05-21,0.0,0.0
289,61514.0,0,2018-05-22,0.0,0.0
290,61514.0,0,2018-05-23,0.0,0.0
291,61514.0,0,2018-05-24,0.0,0.0
292,61514.0,0,2018-05-25,0.0,0.0
293,61514.0,0,2018-05-26,0.0,0.0
294,61514.0,0,2018-05-27,0.0,0.0
295,61514.0,0,2018-05-28,0.0,0.0
296,61514.0,0,2018-05-29,0.0,0.0
297,61514.0,0,2018-05-30,0.0,0.0
298,61514.0,0,2018-05-31,0.0,0.0
299,61514.0,0,2018-06-01,0.0,0.0
300,61514.0,0,2018-06-02,0.0,0.0
301,61514.0,0,2018-06-03,0.0,0.0
302,61514.0,0,2018-06-04,0.0,0.0
303,61514.0,0,2018-06-05,0.0,0.0
304,61514.0,0,2018-06-06,0.0,0.0
305,61514.0,0,2018-06-07,0.0,0.0
306,61514.0,0,2018-06-08,0.0,0.0
307,61514.0,0,2018-06-09,0.0,0.0
308,61514.0,0,2018-06-10,0.0,0.0
309,61514.0,0,2018-06-11,0.0,0.0
310,61514.0,0,2018-06-12,0.0,0.0
311,61514.0,0,2018-06-13,0.0,0.0
312,61514.0,0,2018-06-14,0.0,0.0
313,61514.0,0,2018-06-15,0.0,0.0
314,61514.0,0,2018-06-16,0.0,0.0
315,61514.0,0,2018-06-17,0.0,0.0
316,61514.0,0,2018-06-18,0.0,0.0
317,61514.0,0,2018-06-19,0.0,0.0
318,61514.0,0,2018-06-20,0.0,0.0
319,61514.0,0,2018-06-21,0.0,0.0
320,61514.0,0,2018-06-22,0.0,0.0
321,61514.0,0,2018-06-23,0.0,0.0
322,61514.0,0,2018-06-24,0.0,0.0
323,61514.0,0,2018-06-25,0.0,0.0
324,61514.0,0,2018-06-26,0.0,0.0
325,61514.0,0,2018-06-27,0.0,0.0
13,61514.0,LÁMPARA CAUCHO,2018-06-28,28.85,1.0
326,61514.0,0,2018-06-29,0.0,0.0
327,61514.0,0,2018-06-30,0.0,0.0
328,61514.0,0,2018-07-01,0.0,0.0
329,61514.0,0,2018-07-02,0.0,0.0
330,61514.0,0,2018-07-03,0.0,0.0
331,61514.0,0,2018-07-04,0.0,0.0
332,61514.0,0,2018-07-05,0.0,0.0
333,61514.0,0,2018-07-06,0.0,0.0
334,61514.0,0,2018-07-07,0.0,0.0
335,61514.0,0,2018-07-08,0.0,0.0
336,61514.0,0,2018-07-09,0.0,0.0
337,61514.0,0,2018-07-10,0.0,0.0
338,61514.0,0,2018-07-11,0.0,0.0
339,61514.0,0,2018-07-12,0.0,0.0
340,61514.0,0,2018-07-13,0.0,0.0
341,61514.0,0,2018-07-14,0.0,0.0
342,61514.0,0,2018-07-15,0.0,0.0
343,61514.0,0,2018-07-16,0.0,0.0
344,61514.0,0,2018-07-17,0.0,0.0
345,61514.0,0,2018-07-18,0.0,0.0
346,61514.0,0,2018-07-19,0.0,0.0
347,61514.0,0,2018-07-20,0.0,0.0
348,61514.0,0,2018-07-21,0.0,0.0
349,61514.0,0,2018-07-22,0.0,0.0
350,61514.0,0,2018-07-23,0.0,0.0
351,61514.0,0,2018-07-24,0.0,0.0
352,61514.0,0,2018-07-25,0.0,0.0
353,61514.0,0,2018-07-26,0.0,0.0
354,61514.0,0,2018-07-27,0.0,0.0
355,61514.0,0,2018-07-28,0.0,0.0
356,61514.0,0,2018-07-29,0.0,0.0
357,61514.0,0,2018-07-30,0.0,0.0
358,61514.0,0,2018-07-31,0.0,0.0
359,61514.0,0,2018-08-01,0.0,0.0
360,61514.0,0,2018-08-02,0.0,0.0
361,61514.0,0,2018-08-03,0.0,0.0
362,61514.0,0,2018-08-04,0.0,0.0
363,61514.0,0,2018-08-05,0.0,0.0
14,61514.0,LÁMPARA CAUCHO,2018-08-06,28.84,1.0
364,61514.0,0,2018-08-07,0.0,0.0
365,61514.0,0,2018-08-08,0.0,0.0
366,61514.0,0,2018-08-09,0.0,0.0
367,61514.0,0,2018-08-10,0.0,0.0
368,61514.0,0,2018-08-11,0.0,0.0
369,61514.0,0,2018-08-12,0.0,0.0
370,61514.0,0,2018-08-13,0.0,0.0
371,61514.0,0,2018-08-14,0.0,0.0
372,61514.0,0,2018-08-15,0.0,0.0
373,61514.0,0,2018-08-16,0.0,0.0
374,61514.0,0,2018-08-17,0.0,0.0
375,61514.0,0,2018-08-18,0.0,0.0
376,61514.0,0,2018-08-19,0.0,0.0
377,61514.0,0,2018-08-20,0.0,0.0
378,61514.0,0,2018-08-21,0.0,0.0
379,61514.0,0,2018-08-22,0.0,0.0
380,61514.0,0,2018-08-23,0.0,0.0
381,61514.0,0,2018-08-24,0.0,0.0
382,61514.0,0,2018-08-25,0.0,0.0
383,61514.0,0,2018-08-26,0.0,0.0
384,61514.0,0,2018-08-27,0.0,0.0
385,61514.0,0,2018-08-28,0.0,0.0
386,61514.0,0,2018-08-29,0.0,0.0
387,61514.0,0,2018-08-30,0.0,0.0
388,61514.0,0,2018-08-31,0.0,0.0
389,61514.0,0,2018-09-01,0.0,0.0
390,61514.0,0,2018-09-02,0.0,0.0
391,61514.0,0,2018-09-03,0.0,0.0
392,61514.0,0,2018-09-04,0.0,0.0
393,61514.0,0,2018-09-05,0.0,0.0
394,61514.0,0,2018-09-06,0.0,0.0
395,61514.0,0,2018-09-07,0.0,0.0
396,61514.0,0,2018-09-08,0.0,0.0
397,61514.0,0,2018-09-09,0.0,0.0
398,61514.0,0,2018-09-10,0.0,0.0
15,61514.0,LÁMPARA CAUCHO,2018-09-11,28.84,1.0
16,61514.0,LÁMPARA CAUCHO,2018-09-12,28.84,1.0
399,61514.0,0,2018-09-13,0.0,0.0
400,61514.0,0,2018-09-14,0.0,0.0
401,61514.0,0,2018-09-15,0.0,0.0
402,61514.0,0,2018-09-16,0.0,0.0
403,61514.0,0,2018-09-17,0.0,0.0
404,61514.0,0,2018-09-18,0.0,0.0
405,61514.0,0,2018-09-19,0.0,0.0
406,61514.0,0,2018-09-20,0.0,0.0
407,61514.0,0,2018-09-21,0.0,0.0
408,61514.0,0,2018-09-22,0.0,0.0
409,61514.0,0,2018-09-23,0.0,0.0
410,61514.0,0,2018-09-24,0.0,0.0
411,61514.0,0,2018-09-25,0.0,0.0
412,61514.0,0,2018-09-26,0.0,0.0
413,61514.0,0,2018-09-27,0.0,0.0
414,61514.0,0,2018-09-28,0.0,0.0
415,61514.0,0,2018-09-29,0.0,0.0
416,61514.0,0,2018-09-30,0.0,0.0
417,61514.0,0,2018-10-01,0.0,0.0
418,61514.0,0,2018-10-02,0.0,0.0
419,61514.0,0,2018-10-03,0.0,0.0
420,61514.0,0,2018-10-04,0.0,0.0
421,61514.0,0,2018-10-05,0.0,0.0
422,61514.0,0,2018-10-06,0.0,0.0
423,61514.0,0,2018-10-07,0.0,0.0
424,61514.0,0,2018-10-08,0.0,0.0
425,61514.0,0,2018-10-09,0.0,0.0
426,61514.0,0,2018-10-10,0.0,0.0
17,61514.0,LÁMPARA CAUCHO,2018-10-11,28.84,1.0
427,61514.0,0,2018-10-12,0.0,0.0
428,61514.0,0,2018-10-13,0.0,0.0
18,61514.0,LÁMPARA CAUCHO,2018-10-14,28.84,1.0
429,61514.0,0,2018-10-15,0.0,0.0
430,61514.0,0,2018-10-16,0.0,0.0
431,61514.0,0,2018-10-17,0.0,0.0
432,61514.0,0,2018-10-18,0.0,0.0
433,61514.0,0,2018-10-19,0.0,0.0
434,61514.0,0,2018-10-20,0.0,0.0
435,61514.0,0,2018-10-21,0.0,0.0
436,61514.0,0,2018-10-22,0.0,0.0
437,61514.0,0,2018-10-23,0.0,0.0
438,61514.0,0,2018-10-24,0.0,0.0
439,61514.0,0,2018-10-25,0.0,0.0
440,61514.0,0,2018-10-26,0.0,0.0
441,61514.0,0,2018-10-27,0.0,0.0
442,61514.0,0,2018-10-28,0.0,0.0
443,61514.0,0,2018-10-29,0.0,0.0
444,61514.0,0,2018-10-30,0.0,0.0
445,61514.0,0,2018-10-31,0.0,0.0
446,61514.0,0,2018-11-01,0.0,0.0
447,61514.0,0,2018-11-02,0.0,0.0
448,61514.0,0,2018-11-03,0.0,0.0
19,61514.0,LÁMPARA CAUCHO,2018-11-04,28.84,1.0
20,61514.0,LÁMPARA CAUCHO,2018-11-05,1246.02,48.0
21,61514.0,LÁMPARA CAUCHO,2018-11-06,28.85,1.0
449,61514.0,0,2018-11-07,0.0,0.0
450,61514.0,0,2018-11-08,0.0,0.0
451,61514.0,0,2018-11-09,0.0,0.0
452,61514.0,0,2018-11-10,0.0,0.0
453,61514.0,0,2018-11-11,0.0,0.0
22,61514.0,LÁMPARA CAUCHO,2018-11-12,57.69,2.0
454,61514.0,0,2018-11-13,0.0,0.0
455,61514.0,0,2018-11-14,0.0,0.0
456,61514.0,0,2018-11-15,0.0,0.0
457,61514.0,0,2018-11-16,0.0,0.0
23,61514.0,LÁMPARA CAUCHO,2018-11-17,51.92,2.0
458,61514.0,0,2018-11-18,0.0,0.0
459,61514.0,0,2018-11-19,0.0,0.0
24,61514.0,LÁMPARA CAUCHO,2018-11-20,25.96,1.0
460,61514.0,0,2018-11-21,0.0,0.0
461,61514.0,0,2018-11-22,0.0,0.0
462,61514.0,0,2018-11-23,0.0,0.0
25,61514.0,LÁMPARA CAUCHO,2018-11-24,25.95,1.0
26,61514.0,LÁMPARA CAUCHO,2018-11-25,25.95,1.0
463,61514.0,0,2018-11-26,0.0,0.0
464,61514.0,0,2018-11-27,0.0,0.0
465,61514.0,0,2018-11-28,0.0,0.0
466,61514.0,0,2018-11-29,0.0,0.0
467,61514.0,0,2018-11-30,0.0,0.0
468,61514.0,0,2018-12-01,0.0,0.0
469,61514.0,0,2018-12-02,0.0,0.0
27,61514.0,LÁMPARA CAUCHO,2018-12-03,28.84,1.0
470,61514.0,0,2018-12-04,0.0,0.0
471,61514.0,0,2018-12-05,0.0,0.0
472,61514.0,0,2018-12-06,0.0,0.0
473,61514.0,0,2018-12-07,0.0,0.0
474,61514.0,0,2018-12-08,0.0,0.0
475,61514.0,0,2018-12-09,0.0,0.0
476,61514.0,0,2018-12-10,0.0,0.0
477,61514.0,0,2018-12-11,0.0,0.0
28,61514.0,LÁMPARA CAUCHO,2018-12-12,28.84,1.0
478,61514.0,0,2018-12-13,0.0,0.0
479,61514.0,0,2018-12-14,0.0,0.0
480,61514.0,0,2018-12-15,0.0,0.0
481,61514.0,0,2018-12-16,0.0,0.0
482,61514.0,0,2018-12-17,0.0,0.0
483,61514.0,0,2018-12-18,0.0,0.0
29,61514.0,LÁMPARA CAUCHO,2018-12-19,28.85,1.0
484,61514.0,0,2018-12-20,0.0,0.0
485,61514.0,0,2018-12-21,0.0,0.0
486,61514.0,0,2018-12-22,0.0,0.0
487,61514.0,0,2018-12-23,0.0,0.0
488,61514.0,0,2018-12-24,0.0,0.0
489,61514.0,0,2018-12-25,0.0,0.0
490,61514.0,0,2018-12-26,0.0,0.0
30,61514.0,LÁMPARA CAUCHO,2018-12-27,28.85,1.0
491,61514.0,0,2018-12-28,0.0,0.0
492,61514.0,0,2018-12-29,0.0,0.0
493,61514.0,0,2018-12-30,0.0,0.0
494,61514.0,0,2018-12-31,0.0,0.0
495,61514.0,0,2019-01-01,0.0,0.0
496,61514.0,0,2019-01-02,0.0,0.0
497,61514.0,0,2019-01-03,0.0,0.0
498,61514.0,0,2019-01-04,0.0,0.0
499,61514.0,0,2019-01-05,0.0,0.0
500,61514.0,0,2019-01-06,0.0,0.0
501,61514.0,0,2019-01-07,0.0,0.0
502,61514.0,0,2019-01-08,0.0,0.0
503,61514.0,0,2019-01-09,0.0,0.0
504,61514.0,0,2019-01-10,0.0,0.0
505,61514.0,0,2019-01-11,0.0,0.0
506,61514.0,0,2019-01-12,0.0,0.0
507,61514.0,0,2019-01-13,0.0,0.0
508,61514.0,0,2019-01-14,0.0,0.0
509,61514.0,0,2019-01-15,0.0,0.0
510,61514.0,0,2019-01-16,0.0,0.0
511,61514.0,0,2019-01-17,0.0,0.0
512,61514.0,0,2019-01-18,0.0,0.0
513,61514.0,0,2019-01-19,0.0,0.0
31,61514.0,LÁMPARA CAUCHO,2019-01-20,25.95,1.0
514,61514.0,0,2019-01-21,0.0,0.0
515,61514.0,0,2019-01-22,0.0,0.0
516,61514.0,0,2019-01-23,0.0,0.0
517,61514.0,0,2019-01-24,0.0,0.0
32,61514.0,LÁMPARA CAUCHO,2019-01-25,25.96,1.0
518,61514.0,0,2019-01-26,0.0,0.0
519,61514.0,0,2019-01-27,0.0,0.0
520,61514.0,0,2019-01-28,0.0,0.0
521,61514.0,0,2019-01-29,0.0,0.0
522,61514.0,0,2019-01-30,0.0,0.0
523,61514.0,0,2019-01-31,0.0,0.0
524,61514.0,0,2019-02-01,0.0,0.0
525,61514.0,0,2019-02-02,0.0,0.0
526,61514.0,0,2019-02-03,0.0,0.0
527,61514.0,0,2019-02-04,0.0,0.0
528,61514.0,0,2019-02-05,0.0,0.0
33,61514.0,LÁMPARA CAUCHO,2019-02-06,23.36,1.0
34,61514.0,LÁMPARA CAUCHO,2019-02-07,25.95,1.0
529,61514.0,0,2019-02-08,0.0,0.0
530,61514.0,0,2019-02-09,0.0,0.0
531,61514.0,0,2019-02-10,0.0,0.0
532,61514.0,0,2019-02-11,0.0,0.0
533,61514.0,0,2019-02-12,0.0,0.0
534,61514.0,0,2019-02-13,0.0,0.0
35,61514.0,LÁMPARA CAUCHO,2019-02-14,24.55,1.0
535,61514.0,0,2019-02-15,0.0,0.0
536,61514.0,0,2019-02-16,0.0,0.0
36,61514.0,LÁMPARA CAUCHO,2019-02-17,24.55,1.0
37,61514.0,LÁMPARA CAUCHO,2019-02-18,24.55,1.0
537,61514.0,0,2019-02-19,0.0,0.0
538,61514.0,0,2019-02-20,0.0,0.0
539,61514.0,0,2019-02-21,0.0,0.0
540,61514.0,0,2019-02-22,0.0,0.0
541,61514.0,0,2019-02-23,0.0,0.0
38,61514.0,LÁMPARA CAUCHO,2019-02-24,24.54,1.0
542,61514.0,0,2019-02-25,0.0,0.0
39,61514.0,LÁMPARA CAUCHO,2019-02-26,28.84,1.0
543,61514.0,0,2019-02-27,0.0,0.0
544,61514.0,0,2019-02-28,0.0,0.0
545,61514.0,0,2019-03-01,0.0,0.0
546,61514.0,0,2019-03-02,0.0,0.0
547,61514.0,0,2019-03-03,0.0,0.0
548,61514.0,0,2019-03-04,0.0,0.0
549,61514.0,0,2019-03-05,0.0,0.0
550,61514.0,0,2019-03-06,0.0,0.0
551,61514.0,0,2019-03-07,0.0,0.0
552,61514.0,0,2019-03-08,0.0,0.0
553,61514.0,0,2019-03-09,0.0,0.0
554,61514.0,0,2019-03-10,0.0,0.0
555,61514.0,0,2019-03-11,0.0,0.0
556,61514.0,0,2019-03-12,0.0,0.0
557,61514.0,0,2019-03-13,0.0,0.0
558,61514.0,0,2019-03-14,0.0,0.0
559,61514.0,0,2019-03-15,0.0,0.0
560,61514.0,0,2019-03-16,0.0,0.0
561,61514.0,0,2019-03-17,0.0,0.0
562,61514.0,0,2019-03-18,0.0,0.0
563,61514.0,0,2019-03-19,0.0,0.0
564,61514.0,0,2019-03-20,0.0,0.0
565,61514.0,0,2019-03-21,0.0,0.0
566,61514.0,0,2019-03-22,0.0,0.0
567,61514.0,0,2019-03-23,0.0,0.0
568,61514.0,0,2019-03-24,0.0,0.0
569,61514.0,0,2019-03-25,0.0,0.0
570,61514.0,0,2019-03-26,0.0,0.0
571,61514.0,0,2019-03-27,0.0,0.0
572,61514.0,0,2019-03-28,0.0,0.0
573,61514.0,0,2019-03-29,0.0,0.0
574,61514.0,0,2019-03-30,0.0,0.0
575,61514.0,0,2019-03-31,0.0,0.0
