,Reference,Name,Dates,Net_Incomes,Units_Sold
91,61731.0,0,2017-09-02,0.0,0.0
92,61731.0,0,2017-09-03,0.0,0.0
93,61731.0,0,2017-09-04,0.0,0.0
94,61731.0,0,2017-09-05,0.0,0.0
95,61731.0,0,2017-09-06,0.0,0.0
96,61731.0,0,2017-09-07,0.0,0.0
97,61731.0,0,2017-09-08,0.0,0.0
98,61731.0,0,2017-09-09,0.0,0.0
99,61731.0,0,2017-09-10,0.0,0.0
100,61731.0,0,2017-09-11,0.0,0.0
101,61731.0,0,2017-09-12,0.0,0.0
102,61731.0,0,2017-09-13,0.0,0.0
103,61731.0,0,2017-09-14,0.0,0.0
104,61731.0,0,2017-09-15,0.0,0.0
105,61731.0,0,2017-09-16,0.0,0.0
106,61731.0,0,2017-09-17,0.0,0.0
107,61731.0,0,2017-09-18,0.0,0.0
108,61731.0,0,2017-09-19,0.0,0.0
109,61731.0,0,2017-09-20,0.0,0.0
110,61731.0,0,2017-09-21,0.0,0.0
111,61731.0,0,2017-09-22,0.0,0.0
112,61731.0,0,2017-09-23,0.0,0.0
113,61731.0,0,2017-09-24,0.0,0.0
114,61731.0,0,2017-09-25,0.0,0.0
115,61731.0,0,2017-09-26,0.0,0.0
116,61731.0,0,2017-09-27,0.0,0.0
117,61731.0,0,2017-09-28,0.0,0.0
118,61731.0,0,2017-09-29,0.0,0.0
119,61731.0,0,2017-09-30,0.0,0.0
120,61731.0,0,2017-10-01,0.0,0.0
121,61731.0,0,2017-10-02,0.0,0.0
122,61731.0,0,2017-10-03,0.0,0.0
123,61731.0,0,2017-10-04,0.0,0.0
124,61731.0,0,2017-10-05,0.0,0.0
125,61731.0,0,2017-10-06,0.0,0.0
126,61731.0,0,2017-10-07,0.0,0.0
127,61731.0,0,2017-10-08,0.0,0.0
128,61731.0,0,2017-10-09,0.0,0.0
129,61731.0,0,2017-10-10,0.0,0.0
130,61731.0,0,2017-10-11,0.0,0.0
131,61731.0,0,2017-10-12,0.0,0.0
132,61731.0,0,2017-10-13,0.0,0.0
133,61731.0,0,2017-10-14,0.0,0.0
134,61731.0,0,2017-10-15,0.0,0.0
135,61731.0,0,2017-10-16,0.0,0.0
136,61731.0,0,2017-10-17,0.0,0.0
137,61731.0,0,2017-10-18,0.0,0.0
138,61731.0,0,2017-10-19,0.0,0.0
139,61731.0,0,2017-10-20,0.0,0.0
140,61731.0,0,2017-10-21,0.0,0.0
141,61731.0,0,2017-10-22,0.0,0.0
142,61731.0,0,2017-10-23,0.0,0.0
143,61731.0,0,2017-10-24,0.0,0.0
144,61731.0,0,2017-10-25,0.0,0.0
145,61731.0,0,2017-10-26,0.0,0.0
146,61731.0,0,2017-10-27,0.0,0.0
147,61731.0,0,2017-10-28,0.0,0.0
148,61731.0,0,2017-10-29,0.0,0.0
149,61731.0,0,2017-10-30,0.0,0.0
150,61731.0,0,2017-10-31,0.0,0.0
0,61731.0,MESA 2 TABURETES MDF,2017-11-01,72.28,1.0
151,61731.0,0,2017-11-02,0.0,0.0
1,61731.0,MESA 2 TABURETES MDF,2017-11-03,157.33,2.0
152,61731.0,0,2017-11-04,0.0,0.0
153,61731.0,0,2017-11-05,0.0,0.0
154,61731.0,0,2017-11-06,0.0,0.0
155,61731.0,0,2017-11-07,0.0,0.0
156,61731.0,0,2017-11-08,0.0,0.0
2,61731.0,MESA 2 TABURETES MDF,2017-11-09,157.32,2.0
157,61731.0,0,2017-11-10,0.0,0.0
3,61731.0,MESA 2 TABURETES MDF,2017-11-11,85.04,1.0
158,61731.0,0,2017-11-12,0.0,0.0
4,61731.0,MESA 2 TABURETES MDF,2017-11-13,72.28,1.0
159,61731.0,0,2017-11-14,0.0,0.0
160,61731.0,0,2017-11-15,0.0,0.0
161,61731.0,0,2017-11-16,0.0,0.0
162,61731.0,0,2017-11-17,0.0,0.0
163,61731.0,0,2017-11-18,0.0,0.0
164,61731.0,0,2017-11-19,0.0,0.0
5,61731.0,MESA 2 TABURETES MDF,2017-11-20,229.6,3.0
165,61731.0,0,2017-11-21,0.0,0.0
6,61731.0,MESA 2 TABURETES MDF,2017-11-22,85.04,1.0
7,61731.0,MESA 2 TABURETES MDF,2017-11-23,301.88,4.0
166,61731.0,0,2017-11-24,0.0,0.0
8,61731.0,MESA 2 TABURETES MDF,2017-11-25,301.88,4.0
9,61731.0,MESA 2 TABURETES MDF,2017-11-26,157.33,2.0
167,61731.0,0,2017-11-27,0.0,0.0
168,61731.0,0,2017-11-28,0.0,0.0
169,61731.0,0,2017-11-29,0.0,0.0
10,61731.0,MESA 2 TABURETES MDF,2017-11-30,85.04,1.0
170,61731.0,0,2017-12-01,0.0,0.0
11,61731.0,MESA 2 TABURETES MDF,2017-12-02,85.04,1.0
171,61731.0,0,2017-12-03,0.0,0.0
12,61731.0,MESA 2 TABURETES MDF,2017-12-04,170.08,2.0
172,61731.0,0,2017-12-05,0.0,0.0
173,61731.0,0,2017-12-06,0.0,0.0
174,61731.0,0,2017-12-07,0.0,0.0
175,61731.0,0,2017-12-08,0.0,0.0
176,61731.0,0,2017-12-09,0.0,0.0
177,61731.0,0,2017-12-10,0.0,0.0
178,61731.0,0,2017-12-11,0.0,0.0
13,61731.0,MESA 2 TABURETES MDF,2017-12-12,170.09,2.0
179,61731.0,0,2017-12-13,0.0,0.0
180,61731.0,0,2017-12-14,0.0,0.0
181,61731.0,0,2017-12-15,0.0,0.0
182,61731.0,0,2017-12-16,0.0,0.0
183,61731.0,0,2017-12-17,0.0,0.0
14,61731.0,MESA 2 TABURETES MDF,2017-12-18,85.05,1.0
184,61731.0,0,2017-12-19,0.0,0.0
185,61731.0,0,2017-12-20,0.0,0.0
186,61731.0,0,2017-12-21,0.0,0.0
15,61731.0,MESA 2 TABURETES MDF,2017-12-22,85.04,1.0
187,61731.0,0,2017-12-23,0.0,0.0
188,61731.0,0,2017-12-24,0.0,0.0
189,61731.0,0,2017-12-25,0.0,0.0
190,61731.0,0,2017-12-26,0.0,0.0
191,61731.0,0,2017-12-27,0.0,0.0
192,61731.0,0,2017-12-28,0.0,0.0
193,61731.0,0,2017-12-29,0.0,0.0
194,61731.0,0,2017-12-30,0.0,0.0
16,61731.0,MESA 2 TABURETES MDF,2017-12-31,170.09,2.0
195,61731.0,0,2018-01-01,0.0,0.0
196,61731.0,0,2018-01-02,0.0,0.0
17,61731.0,MESA 2 TABURETES MDF,2018-01-03,85.05,1.0
197,61731.0,0,2018-01-04,0.0,0.0
198,61731.0,0,2018-01-05,0.0,0.0
199,61731.0,0,2018-01-06,0.0,0.0
18,61731.0,MESA 2 TABURETES MDF,2018-01-07,68.02,1.0
200,61731.0,0,2018-01-08,0.0,0.0
201,61731.0,0,2018-01-09,0.0,0.0
19,61731.0,MESA 2 TABURETES MDF,2018-01-10,68.02,1.0
20,61731.0,MESA 2 TABURETES MDF,2018-01-11,136.04,2.0
202,61731.0,0,2018-01-12,0.0,0.0
21,61731.0,MESA 2 TABURETES MDF,2018-01-13,150.32,2.0
203,61731.0,0,2018-01-14,0.0,0.0
204,61731.0,0,2018-01-15,0.0,0.0
22,61731.0,MESA 2 TABURETES MDF,2018-01-16,68.02,1.0
205,61731.0,0,2018-01-17,0.0,0.0
23,61731.0,MESA 2 TABURETES MDF,2018-01-18,68.02,1.0
206,61731.0,0,2018-01-19,0.0,0.0
24,61731.0,MESA 2 TABURETES MDF,2018-01-20,136.04,2.0
25,61731.0,MESA 2 TABURETES MDF,2018-01-21,68.02,1.0
26,61731.0,MESA 2 TABURETES MDF,2018-01-22,68.02,1.0
27,61731.0,MESA 2 TABURETES MDF,2018-01-23,68.02,1.0
207,61731.0,0,2018-01-24,0.0,0.0
208,61731.0,0,2018-01-25,0.0,0.0
209,61731.0,0,2018-01-26,0.0,0.0
210,61731.0,0,2018-01-27,0.0,0.0
211,61731.0,0,2018-01-28,0.0,0.0
28,61731.0,MESA 2 TABURETES MDF,2018-01-29,68.02,1.0
212,61731.0,0,2018-01-30,0.0,0.0
213,61731.0,0,2018-01-31,0.0,0.0
214,61731.0,0,2018-02-01,0.0,0.0
215,61731.0,0,2018-02-02,0.0,0.0
216,61731.0,0,2018-02-03,0.0,0.0
217,61731.0,0,2018-02-04,0.0,0.0
218,61731.0,0,2018-02-05,0.0,0.0
219,61731.0,0,2018-02-06,0.0,0.0
220,61731.0,0,2018-02-07,0.0,0.0
221,61731.0,0,2018-02-08,0.0,0.0
222,61731.0,0,2018-02-09,0.0,0.0
223,61731.0,0,2018-02-10,0.0,0.0
224,61731.0,0,2018-02-11,0.0,0.0
225,61731.0,0,2018-02-12,0.0,0.0
226,61731.0,0,2018-02-13,0.0,0.0
227,61731.0,0,2018-02-14,0.0,0.0
228,61731.0,0,2018-02-15,0.0,0.0
229,61731.0,0,2018-02-16,0.0,0.0
230,61731.0,0,2018-02-17,0.0,0.0
231,61731.0,0,2018-02-18,0.0,0.0
232,61731.0,0,2018-02-19,0.0,0.0
233,61731.0,0,2018-02-20,0.0,0.0
234,61731.0,0,2018-02-21,0.0,0.0
235,61731.0,0,2018-02-22,0.0,0.0
236,61731.0,0,2018-02-23,0.0,0.0
237,61731.0,0,2018-02-24,0.0,0.0
238,61731.0,0,2018-02-25,0.0,0.0
239,61731.0,0,2018-02-26,0.0,0.0
240,61731.0,0,2018-02-27,0.0,0.0
241,61731.0,0,2018-02-28,0.0,0.0
242,61731.0,0,2018-03-01,0.0,0.0
243,61731.0,0,2018-03-02,0.0,0.0
244,61731.0,0,2018-03-03,0.0,0.0
245,61731.0,0,2018-03-04,0.0,0.0
246,61731.0,0,2018-03-05,0.0,0.0
247,61731.0,0,2018-03-06,0.0,0.0
248,61731.0,0,2018-03-07,0.0,0.0
249,61731.0,0,2018-03-08,0.0,0.0
250,61731.0,0,2018-03-09,0.0,0.0
251,61731.0,0,2018-03-10,0.0,0.0
252,61731.0,0,2018-03-11,0.0,0.0
253,61731.0,0,2018-03-12,0.0,0.0
254,61731.0,0,2018-03-13,0.0,0.0
255,61731.0,0,2018-03-14,0.0,0.0
256,61731.0,0,2018-03-15,0.0,0.0
257,61731.0,0,2018-03-16,0.0,0.0
29,61731.0,MESA 2 TABURETES MDF,2018-03-17,85.04,1.0
258,61731.0,0,2018-03-18,0.0,0.0
259,61731.0,0,2018-03-19,0.0,0.0
260,61731.0,0,2018-03-20,0.0,0.0
261,61731.0,0,2018-03-21,0.0,0.0
262,61731.0,0,2018-03-22,0.0,0.0
30,61731.0,MESA 2 TABURETES MDF,2018-03-23,255.14,3.0
263,61731.0,0,2018-03-24,0.0,0.0
264,61731.0,0,2018-03-25,0.0,0.0
31,61731.0,MESA 2 TABURETES MDF,2018-03-26,85.04,1.0
265,61731.0,0,2018-03-27,0.0,0.0
32,61731.0,MESA 2 TABURETES MDF,2018-03-28,85.05,1.0
266,61731.0,0,2018-03-29,0.0,0.0
33,61731.0,MESA 2 TABURETES MDF,2018-03-30,85.05,1.0
267,61731.0,0,2018-03-31,0.0,0.0
34,61731.0,MESA 2 TABURETES MDF,2018-04-01,85.05,1.0
268,61731.0,0,2018-04-02,0.0,0.0
35,61731.0,MESA 2 TABURETES MDF,2018-04-03,85.04,1.0
269,61731.0,0,2018-04-04,0.0,0.0
270,61731.0,0,2018-04-05,0.0,0.0
271,61731.0,0,2018-04-06,0.0,0.0
272,61731.0,0,2018-04-07,0.0,0.0
36,61731.0,MESA 2 TABURETES MDF,2018-04-08,85.04,1.0
273,61731.0,0,2018-04-09,0.0,0.0
274,61731.0,0,2018-04-10,0.0,0.0
275,61731.0,0,2018-04-11,0.0,0.0
276,61731.0,0,2018-04-12,0.0,0.0
277,61731.0,0,2018-04-13,0.0,0.0
278,61731.0,0,2018-04-14,0.0,0.0
279,61731.0,0,2018-04-15,0.0,0.0
37,61731.0,MESA 2 TABURETES MDF,2018-04-16,85.05,1.0
280,61731.0,0,2018-04-17,0.0,0.0
281,61731.0,0,2018-04-18,0.0,0.0
282,61731.0,0,2018-04-19,0.0,0.0
283,61731.0,0,2018-04-20,0.0,0.0
284,61731.0,0,2018-04-21,0.0,0.0
285,61731.0,0,2018-04-22,0.0,0.0
286,61731.0,0,2018-04-23,0.0,0.0
287,61731.0,0,2018-04-24,0.0,0.0
288,61731.0,0,2018-04-25,0.0,0.0
289,61731.0,0,2018-04-26,0.0,0.0
290,61731.0,0,2018-04-27,0.0,0.0
291,61731.0,0,2018-04-28,0.0,0.0
38,61731.0,MESA 2 TABURETES MDF,2018-04-29,85.04,1.0
292,61731.0,0,2018-04-30,0.0,0.0
293,61731.0,0,2018-05-01,0.0,0.0
39,61731.0,MESA 2 TABURETES MDF,2018-05-02,85.04,1.0
294,61731.0,0,2018-05-03,0.0,0.0
295,61731.0,0,2018-05-04,0.0,0.0
296,61731.0,0,2018-05-05,0.0,0.0
297,61731.0,0,2018-05-06,0.0,0.0
298,61731.0,0,2018-05-07,0.0,0.0
299,61731.0,0,2018-05-08,0.0,0.0
300,61731.0,0,2018-05-09,0.0,0.0
301,61731.0,0,2018-05-10,0.0,0.0
302,61731.0,0,2018-05-11,0.0,0.0
303,61731.0,0,2018-05-12,0.0,0.0
304,61731.0,0,2018-05-13,0.0,0.0
305,61731.0,0,2018-05-14,0.0,0.0
306,61731.0,0,2018-05-15,0.0,0.0
40,61731.0,MESA 2 TABURETES MDF,2018-05-16,85.04,1.0
41,61731.0,MESA 2 TABURETES MDF,2018-05-17,85.04,1.0
307,61731.0,0,2018-05-18,0.0,0.0
308,61731.0,0,2018-05-19,0.0,0.0
42,61731.0,MESA 2 TABURETES MDF,2018-05-20,255.14,3.0
309,61731.0,0,2018-05-21,0.0,0.0
310,61731.0,0,2018-05-22,0.0,0.0
311,61731.0,0,2018-05-23,0.0,0.0
312,61731.0,0,2018-05-24,0.0,0.0
313,61731.0,0,2018-05-25,0.0,0.0
314,61731.0,0,2018-05-26,0.0,0.0
315,61731.0,0,2018-05-27,0.0,0.0
316,61731.0,0,2018-05-28,0.0,0.0
317,61731.0,0,2018-05-29,0.0,0.0
318,61731.0,0,2018-05-30,0.0,0.0
319,61731.0,0,2018-05-31,0.0,0.0
320,61731.0,0,2018-06-01,0.0,0.0
321,61731.0,0,2018-06-02,0.0,0.0
43,61731.0,MESA 2 TABURETES MDF,2018-06-03,85.04,1.0
322,61731.0,0,2018-06-04,0.0,0.0
323,61731.0,0,2018-06-05,0.0,0.0
324,61731.0,0,2018-06-06,0.0,0.0
325,61731.0,0,2018-06-07,0.0,0.0
326,61731.0,0,2018-06-08,0.0,0.0
327,61731.0,0,2018-06-09,0.0,0.0
328,61731.0,0,2018-06-10,0.0,0.0
329,61731.0,0,2018-06-11,0.0,0.0
330,61731.0,0,2018-06-12,0.0,0.0
331,61731.0,0,2018-06-13,0.0,0.0
332,61731.0,0,2018-06-14,0.0,0.0
333,61731.0,0,2018-06-15,0.0,0.0
334,61731.0,0,2018-06-16,0.0,0.0
335,61731.0,0,2018-06-17,0.0,0.0
44,61731.0,MESA 2 TABURETES MDF,2018-06-18,170.09,2.0
45,61731.0,MESA 2 TABURETES MDF,2018-06-19,85.04,1.0
336,61731.0,0,2018-06-20,0.0,0.0
46,61731.0,MESA 2 TABURETES MDF,2018-06-21,85.05,1.0
337,61731.0,0,2018-06-22,0.0,0.0
338,61731.0,0,2018-06-23,0.0,0.0
339,61731.0,0,2018-06-24,0.0,0.0
340,61731.0,0,2018-06-25,0.0,0.0
341,61731.0,0,2018-06-26,0.0,0.0
342,61731.0,0,2018-06-27,0.0,0.0
343,61731.0,0,2018-06-28,0.0,0.0
344,61731.0,0,2018-06-29,0.0,0.0
345,61731.0,0,2018-06-30,0.0,0.0
346,61731.0,0,2018-07-01,0.0,0.0
347,61731.0,0,2018-07-02,0.0,0.0
348,61731.0,0,2018-07-03,0.0,0.0
349,61731.0,0,2018-07-04,0.0,0.0
350,61731.0,0,2018-07-05,0.0,0.0
351,61731.0,0,2018-07-06,0.0,0.0
352,61731.0,0,2018-07-07,0.0,0.0
353,61731.0,0,2018-07-08,0.0,0.0
354,61731.0,0,2018-07-09,0.0,0.0
355,61731.0,0,2018-07-10,0.0,0.0
47,61731.0,MESA 2 TABURETES MDF,2018-07-11,170.08,2.0
356,61731.0,0,2018-07-12,0.0,0.0
357,61731.0,0,2018-07-13,0.0,0.0
358,61731.0,0,2018-07-14,0.0,0.0
359,61731.0,0,2018-07-15,0.0,0.0
360,61731.0,0,2018-07-16,0.0,0.0
48,61731.0,MESA 2 TABURETES MDF,2018-07-17,170.08,2.0
361,61731.0,0,2018-07-18,0.0,0.0
362,61731.0,0,2018-07-19,0.0,0.0
363,61731.0,0,2018-07-20,0.0,0.0
364,61731.0,0,2018-07-21,0.0,0.0
49,61731.0,MESA 2 TABURETES MDF,2018-07-22,170.09,2.0
50,61731.0,MESA 2 TABURETES MDF,2018-07-23,85.04,1.0
51,61731.0,MESA 2 TABURETES MDF,2018-07-24,85.05,1.0
365,61731.0,0,2018-07-25,0.0,0.0
52,61731.0,MESA 2 TABURETES MDF,2018-07-26,255.13,3.0
366,61731.0,0,2018-07-27,0.0,0.0
367,61731.0,0,2018-07-28,0.0,0.0
53,61731.0,MESA 2 TABURETES MDF,2018-07-29,85.04,1.0
368,61731.0,0,2018-07-30,0.0,0.0
369,61731.0,0,2018-07-31,0.0,0.0
54,61731.0,MESA 2 TABURETES MDF,2018-08-01,85.04,1.0
370,61731.0,0,2018-08-02,0.0,0.0
371,61731.0,0,2018-08-03,0.0,0.0
55,61731.0,MESA 2 TABURETES MDF,2018-08-04,85.04,1.0
372,61731.0,0,2018-08-05,0.0,0.0
373,61731.0,0,2018-08-06,0.0,0.0
56,61731.0,MESA 2 TABURETES MDF,2018-08-07,85.04,1.0
57,61731.0,MESA 2 TABURETES MDF,2018-08-08,85.04,1.0
58,61731.0,MESA 2 TABURETES MDF,2018-08-09,255.12,3.0
59,61731.0,MESA 2 TABURETES MDF,2018-08-10,85.04,1.0
374,61731.0,0,2018-08-11,0.0,0.0
375,61731.0,0,2018-08-12,0.0,0.0
376,61731.0,0,2018-08-13,0.0,0.0
377,61731.0,0,2018-08-14,0.0,0.0
378,61731.0,0,2018-08-15,0.0,0.0
379,61731.0,0,2018-08-16,0.0,0.0
60,61731.0,MESA 2 TABURETES MDF,2018-08-17,85.04,1.0
380,61731.0,0,2018-08-18,0.0,0.0
61,61731.0,MESA 2 TABURETES MDF,2018-08-19,85.04,1.0
381,61731.0,0,2018-08-20,0.0,0.0
382,61731.0,0,2018-08-21,0.0,0.0
383,61731.0,0,2018-08-22,0.0,0.0
384,61731.0,0,2018-08-23,0.0,0.0
385,61731.0,0,2018-08-24,0.0,0.0
62,61731.0,MESA 2 TABURETES MDF,2018-08-25,85.04,1.0
63,61731.0,MESA 2 TABURETES MDF,2018-08-26,85.04,1.0
386,61731.0,0,2018-08-27,0.0,0.0
387,61731.0,0,2018-08-28,0.0,0.0
388,61731.0,0,2018-08-29,0.0,0.0
389,61731.0,0,2018-08-30,0.0,0.0
390,61731.0,0,2018-08-31,0.0,0.0
64,61731.0,MESA 2 TABURETES MDF,2018-09-01,85.04,1.0
391,61731.0,0,2018-09-02,0.0,0.0
392,61731.0,0,2018-09-03,0.0,0.0
393,61731.0,0,2018-09-04,0.0,0.0
394,61731.0,0,2018-09-05,0.0,0.0
395,61731.0,0,2018-09-06,0.0,0.0
396,61731.0,0,2018-09-07,0.0,0.0
397,61731.0,0,2018-09-08,0.0,0.0
398,61731.0,0,2018-09-09,0.0,0.0
399,61731.0,0,2018-09-10,0.0,0.0
400,61731.0,0,2018-09-11,0.0,0.0
401,61731.0,0,2018-09-12,0.0,0.0
402,61731.0,0,2018-09-13,0.0,0.0
403,61731.0,0,2018-09-14,0.0,0.0
404,61731.0,0,2018-09-15,0.0,0.0
405,61731.0,0,2018-09-16,0.0,0.0
406,61731.0,0,2018-09-17,0.0,0.0
407,61731.0,0,2018-09-18,0.0,0.0
408,61731.0,0,2018-09-19,0.0,0.0
65,61731.0,MESA 2 TABURETES MDF,2018-09-20,76.54,1.0
409,61731.0,0,2018-09-21,0.0,0.0
66,61731.0,MESA 2 TABURETES MDF,2018-09-22,85.04,1.0
410,61731.0,0,2018-09-23,0.0,0.0
67,61731.0,MESA 2 TABURETES MDF,2018-09-24,76.54,1.0
68,61731.0,MESA 2 TABURETES MDF,2018-09-25,153.08,2.0
69,61731.0,MESA 2 TABURETES MDF,2018-09-26,76.54,1.0
70,61731.0,MESA 2 TABURETES MDF,2018-09-27,161.58,2.0
411,61731.0,0,2018-09-28,0.0,0.0
412,61731.0,0,2018-09-29,0.0,0.0
71,61731.0,MESA 2 TABURETES MDF,2018-09-30,85.04,1.0
413,61731.0,0,2018-10-01,0.0,0.0
72,61731.0,MESA 2 TABURETES MDF,2018-10-02,85.04,1.0
414,61731.0,0,2018-10-03,0.0,0.0
73,61731.0,MESA 2 TABURETES MDF,2018-10-04,76.54,1.0
415,61731.0,0,2018-10-05,0.0,0.0
74,61731.0,MESA 2 TABURETES MDF,2018-10-06,76.54,1.0
416,61731.0,0,2018-10-07,0.0,0.0
75,61731.0,MESA 2 TABURETES MDF,2018-10-08,85.04,1.0
417,61731.0,0,2018-10-09,0.0,0.0
76,61731.0,MESA 2 TABURETES MDF,2018-10-10,85.04,1.0
418,61731.0,0,2018-10-11,0.0,0.0
419,61731.0,0,2018-10-12,0.0,0.0
420,61731.0,0,2018-10-13,0.0,0.0
77,61731.0,MESA 2 TABURETES MDF,2018-10-14,85.05,1.0
421,61731.0,0,2018-10-15,0.0,0.0
422,61731.0,0,2018-10-16,0.0,0.0
78,61731.0,MESA 2 TABURETES MDF,2018-10-17,255.13,3.0
423,61731.0,0,2018-10-18,0.0,0.0
79,61731.0,MESA 2 TABURETES MDF,2018-10-19,85.04,1.0
424,61731.0,0,2018-10-20,0.0,0.0
80,61731.0,MESA 2 TABURETES MDF,2018-10-21,85.05,1.0
425,61731.0,0,2018-10-22,0.0,0.0
81,61731.0,MESA 2 TABURETES MDF,2018-10-23,85.05,1.0
426,61731.0,0,2018-10-24,0.0,0.0
427,61731.0,0,2018-10-25,0.0,0.0
428,61731.0,0,2018-10-26,0.0,0.0
82,61731.0,MESA 2 TABURETES MDF,2018-10-27,85.04,1.0
429,61731.0,0,2018-10-28,0.0,0.0
430,61731.0,0,2018-10-29,0.0,0.0
431,61731.0,0,2018-10-30,0.0,0.0
432,61731.0,0,2018-10-31,0.0,0.0
433,61731.0,0,2018-11-01,0.0,0.0
434,61731.0,0,2018-11-02,0.0,0.0
435,61731.0,0,2018-11-03,0.0,0.0
83,61731.0,MESA 2 TABURETES MDF,2018-11-04,85.05,1.0
436,61731.0,0,2018-11-05,0.0,0.0
437,61731.0,0,2018-11-06,0.0,0.0
438,61731.0,0,2018-11-07,0.0,0.0
439,61731.0,0,2018-11-08,0.0,0.0
440,61731.0,0,2018-11-09,0.0,0.0
441,61731.0,0,2018-11-10,0.0,0.0
442,61731.0,0,2018-11-11,0.0,0.0
443,61731.0,0,2018-11-12,0.0,0.0
444,61731.0,0,2018-11-13,0.0,0.0
445,61731.0,0,2018-11-14,0.0,0.0
446,61731.0,0,2018-11-15,0.0,0.0
447,61731.0,0,2018-11-16,0.0,0.0
448,61731.0,0,2018-11-17,0.0,0.0
449,61731.0,0,2018-11-18,0.0,0.0
450,61731.0,0,2018-11-19,0.0,0.0
84,61731.0,MESA 2 TABURETES MDF,2018-11-20,76.54,1.0
451,61731.0,0,2018-11-21,0.0,0.0
452,61731.0,0,2018-11-22,0.0,0.0
85,61731.0,MESA 2 TABURETES MDF,2018-11-23,153.06,2.0
453,61731.0,0,2018-11-24,0.0,0.0
454,61731.0,0,2018-11-25,0.0,0.0
455,61731.0,0,2018-11-26,0.0,0.0
456,61731.0,0,2018-11-27,0.0,0.0
457,61731.0,0,2018-11-28,0.0,0.0
458,61731.0,0,2018-11-29,0.0,0.0
459,61731.0,0,2018-11-30,0.0,0.0
460,61731.0,0,2018-12-01,0.0,0.0
461,61731.0,0,2018-12-02,0.0,0.0
462,61731.0,0,2018-12-03,0.0,0.0
463,61731.0,0,2018-12-04,0.0,0.0
464,61731.0,0,2018-12-05,0.0,0.0
465,61731.0,0,2018-12-06,0.0,0.0
466,61731.0,0,2018-12-07,0.0,0.0
467,61731.0,0,2018-12-08,0.0,0.0
468,61731.0,0,2018-12-09,0.0,0.0
469,61731.0,0,2018-12-10,0.0,0.0
470,61731.0,0,2018-12-11,0.0,0.0
471,61731.0,0,2018-12-12,0.0,0.0
472,61731.0,0,2018-12-13,0.0,0.0
473,61731.0,0,2018-12-14,0.0,0.0
474,61731.0,0,2018-12-15,0.0,0.0
475,61731.0,0,2018-12-16,0.0,0.0
476,61731.0,0,2018-12-17,0.0,0.0
477,61731.0,0,2018-12-18,0.0,0.0
478,61731.0,0,2018-12-19,0.0,0.0
479,61731.0,0,2018-12-20,0.0,0.0
480,61731.0,0,2018-12-21,0.0,0.0
481,61731.0,0,2018-12-22,0.0,0.0
482,61731.0,0,2018-12-23,0.0,0.0
483,61731.0,0,2018-12-24,0.0,0.0
484,61731.0,0,2018-12-25,0.0,0.0
485,61731.0,0,2018-12-26,0.0,0.0
486,61731.0,0,2018-12-27,0.0,0.0
487,61731.0,0,2018-12-28,0.0,0.0
488,61731.0,0,2018-12-29,0.0,0.0
489,61731.0,0,2018-12-30,0.0,0.0
490,61731.0,0,2018-12-31,0.0,0.0
491,61731.0,0,2019-01-01,0.0,0.0
492,61731.0,0,2019-01-02,0.0,0.0
493,61731.0,0,2019-01-03,0.0,0.0
494,61731.0,0,2019-01-04,0.0,0.0
495,61731.0,0,2019-01-05,0.0,0.0
496,61731.0,0,2019-01-06,0.0,0.0
497,61731.0,0,2019-01-07,0.0,0.0
498,61731.0,0,2019-01-08,0.0,0.0
499,61731.0,0,2019-01-09,0.0,0.0
500,61731.0,0,2019-01-10,0.0,0.0
501,61731.0,0,2019-01-11,0.0,0.0
502,61731.0,0,2019-01-12,0.0,0.0
503,61731.0,0,2019-01-13,0.0,0.0
504,61731.0,0,2019-01-14,0.0,0.0
505,61731.0,0,2019-01-15,0.0,0.0
506,61731.0,0,2019-01-16,0.0,0.0
507,61731.0,0,2019-01-17,0.0,0.0
508,61731.0,0,2019-01-18,0.0,0.0
509,61731.0,0,2019-01-19,0.0,0.0
510,61731.0,0,2019-01-20,0.0,0.0
511,61731.0,0,2019-01-21,0.0,0.0
512,61731.0,0,2019-01-22,0.0,0.0
513,61731.0,0,2019-01-23,0.0,0.0
514,61731.0,0,2019-01-24,0.0,0.0
515,61731.0,0,2019-01-25,0.0,0.0
516,61731.0,0,2019-01-26,0.0,0.0
517,61731.0,0,2019-01-27,0.0,0.0
518,61731.0,0,2019-01-28,0.0,0.0
519,61731.0,0,2019-01-29,0.0,0.0
520,61731.0,0,2019-01-30,0.0,0.0
521,61731.0,0,2019-01-31,0.0,0.0
522,61731.0,0,2019-02-01,0.0,0.0
523,61731.0,0,2019-02-02,0.0,0.0
524,61731.0,0,2019-02-03,0.0,0.0
525,61731.0,0,2019-02-04,0.0,0.0
526,61731.0,0,2019-02-05,0.0,0.0
527,61731.0,0,2019-02-06,0.0,0.0
528,61731.0,0,2019-02-07,0.0,0.0
529,61731.0,0,2019-02-08,0.0,0.0
530,61731.0,0,2019-02-09,0.0,0.0
86,61731.0,MESA 2 TABURETES MDF,2019-02-10,85.04,1.0
87,61731.0,MESA 2 TABURETES MDF,2019-02-11,85.04,1.0
531,61731.0,0,2019-02-12,0.0,0.0
88,61731.0,MESA 2 TABURETES MDF,2019-02-13,80.79,1.0
89,61731.0,MESA 2 TABURETES MDF,2019-02-14,170.1,2.0
532,61731.0,0,2019-02-15,0.0,0.0
533,61731.0,0,2019-02-16,0.0,0.0
534,61731.0,0,2019-02-17,0.0,0.0
535,61731.0,0,2019-02-18,0.0,0.0
536,61731.0,0,2019-02-19,0.0,0.0
537,61731.0,0,2019-02-20,0.0,0.0
538,61731.0,0,2019-02-21,0.0,0.0
539,61731.0,0,2019-02-22,0.0,0.0
540,61731.0,0,2019-02-23,0.0,0.0
541,61731.0,0,2019-02-24,0.0,0.0
542,61731.0,0,2019-02-25,0.0,0.0
543,61731.0,0,2019-02-26,0.0,0.0
544,61731.0,0,2019-02-27,0.0,0.0
545,61731.0,0,2019-02-28,0.0,0.0
546,61731.0,0,2019-03-01,0.0,0.0
547,61731.0,0,2019-03-02,0.0,0.0
548,61731.0,0,2019-03-03,0.0,0.0
549,61731.0,0,2019-03-04,0.0,0.0
550,61731.0,0,2019-03-05,0.0,0.0
551,61731.0,0,2019-03-06,0.0,0.0
552,61731.0,0,2019-03-07,0.0,0.0
553,61731.0,0,2019-03-08,0.0,0.0
554,61731.0,0,2019-03-09,0.0,0.0
555,61731.0,0,2019-03-10,0.0,0.0
556,61731.0,0,2019-03-11,0.0,0.0
557,61731.0,0,2019-03-12,0.0,0.0
558,61731.0,0,2019-03-13,0.0,0.0
559,61731.0,0,2019-03-14,0.0,0.0
560,61731.0,0,2019-03-15,0.0,0.0
561,61731.0,0,2019-03-16,0.0,0.0
562,61731.0,0,2019-03-17,0.0,0.0
563,61731.0,0,2019-03-18,0.0,0.0
564,61731.0,0,2019-03-19,0.0,0.0
565,61731.0,0,2019-03-20,0.0,0.0
566,61731.0,0,2019-03-21,0.0,0.0
567,61731.0,0,2019-03-22,0.0,0.0
568,61731.0,0,2019-03-23,0.0,0.0
569,61731.0,0,2019-03-24,0.0,0.0
570,61731.0,0,2019-03-25,0.0,0.0
571,61731.0,0,2019-03-26,0.0,0.0
572,61731.0,0,2019-03-27,0.0,0.0
90,61731.0,MESA 2 TABURETES MDF,2019-03-28,85.04,1.0
573,61731.0,0,2019-03-29,0.0,0.0
574,61731.0,0,2019-03-30,0.0,0.0
575,61731.0,0,2019-03-31,0.0,0.0
