,Reference,Name,Dates,Net_Incomes,Units_Sold
35,61776.0,0,2017-09-02,0.0,0.0
0,61776.0,LÁMPARA BLANCO METAL / ACRÍLICO,2017-09-03,41.98,2.0
36,61776.0,0,2017-09-04,0.0,0.0
37,61776.0,0,2017-09-05,0.0,0.0
38,61776.0,0,2017-09-06,0.0,0.0
39,61776.0,0,2017-09-07,0.0,0.0
40,61776.0,0,2017-09-08,0.0,0.0
41,61776.0,0,2017-09-09,0.0,0.0
42,61776.0,0,2017-09-10,0.0,0.0
43,61776.0,0,2017-09-11,0.0,0.0
44,61776.0,0,2017-09-12,0.0,0.0
45,61776.0,0,2017-09-13,0.0,0.0
46,61776.0,0,2017-09-14,0.0,0.0
47,61776.0,0,2017-09-15,0.0,0.0
48,61776.0,0,2017-09-16,0.0,0.0
49,61776.0,0,2017-09-17,0.0,0.0
50,61776.0,0,2017-09-18,0.0,0.0
51,61776.0,0,2017-09-19,0.0,0.0
52,61776.0,0,2017-09-20,0.0,0.0
53,61776.0,0,2017-09-21,0.0,0.0
54,61776.0,0,2017-09-22,0.0,0.0
55,61776.0,0,2017-09-23,0.0,0.0
1,61776.0,LÁMPARA BLANCO METAL / ACRÍLICO,2017-09-24,49.42,2.0
56,61776.0,0,2017-09-25,0.0,0.0
2,61776.0,LÁMPARA BLANCO METAL / ACRÍLICO,2017-09-26,42.02,2.0
57,61776.0,0,2017-09-27,0.0,0.0
58,61776.0,0,2017-09-28,0.0,0.0
59,61776.0,0,2017-09-29,0.0,0.0
60,61776.0,0,2017-09-30,0.0,0.0
61,61776.0,0,2017-10-01,0.0,0.0
62,61776.0,0,2017-10-02,0.0,0.0
63,61776.0,0,2017-10-03,0.0,0.0
64,61776.0,0,2017-10-04,0.0,0.0
65,61776.0,0,2017-10-05,0.0,0.0
66,61776.0,0,2017-10-06,0.0,0.0
67,61776.0,0,2017-10-07,0.0,0.0
68,61776.0,0,2017-10-08,0.0,0.0
69,61776.0,0,2017-10-09,0.0,0.0
70,61776.0,0,2017-10-10,0.0,0.0
71,61776.0,0,2017-10-11,0.0,0.0
72,61776.0,0,2017-10-12,0.0,0.0
73,61776.0,0,2017-10-13,0.0,0.0
74,61776.0,0,2017-10-14,0.0,0.0
75,61776.0,0,2017-10-15,0.0,0.0
76,61776.0,0,2017-10-16,0.0,0.0
77,61776.0,0,2017-10-17,0.0,0.0
78,61776.0,0,2017-10-18,0.0,0.0
79,61776.0,0,2017-10-19,0.0,0.0
80,61776.0,0,2017-10-20,0.0,0.0
81,61776.0,0,2017-10-21,0.0,0.0
82,61776.0,0,2017-10-22,0.0,0.0
83,61776.0,0,2017-10-23,0.0,0.0
84,61776.0,0,2017-10-24,0.0,0.0
85,61776.0,0,2017-10-25,0.0,0.0
86,61776.0,0,2017-10-26,0.0,0.0
87,61776.0,0,2017-10-27,0.0,0.0
88,61776.0,0,2017-10-28,0.0,0.0
89,61776.0,0,2017-10-29,0.0,0.0
90,61776.0,0,2017-10-30,0.0,0.0
91,61776.0,0,2017-10-31,0.0,0.0
92,61776.0,0,2017-11-01,0.0,0.0
93,61776.0,0,2017-11-02,0.0,0.0
94,61776.0,0,2017-11-03,0.0,0.0
95,61776.0,0,2017-11-04,0.0,0.0
96,61776.0,0,2017-11-05,0.0,0.0
97,61776.0,0,2017-11-06,0.0,0.0
98,61776.0,0,2017-11-07,0.0,0.0
99,61776.0,0,2017-11-08,0.0,0.0
3,61776.0,LÁMPARA BLANCO METAL / ACRÍLICO,2017-11-09,21.0,1.0
100,61776.0,0,2017-11-10,0.0,0.0
101,61776.0,0,2017-11-11,0.0,0.0
102,61776.0,0,2017-11-12,0.0,0.0
103,61776.0,0,2017-11-13,0.0,0.0
104,61776.0,0,2017-11-14,0.0,0.0
105,61776.0,0,2017-11-15,0.0,0.0
106,61776.0,0,2017-11-16,0.0,0.0
107,61776.0,0,2017-11-17,0.0,0.0
108,61776.0,0,2017-11-18,0.0,0.0
109,61776.0,0,2017-11-19,0.0,0.0
110,61776.0,0,2017-11-20,0.0,0.0
111,61776.0,0,2017-11-21,0.0,0.0
112,61776.0,0,2017-11-22,0.0,0.0
113,61776.0,0,2017-11-23,0.0,0.0
114,61776.0,0,2017-11-24,0.0,0.0
115,61776.0,0,2017-11-25,0.0,0.0
116,61776.0,0,2017-11-26,0.0,0.0
117,61776.0,0,2017-11-27,0.0,0.0
118,61776.0,0,2017-11-28,0.0,0.0
119,61776.0,0,2017-11-29,0.0,0.0
120,61776.0,0,2017-11-30,0.0,0.0
121,61776.0,0,2017-12-01,0.0,0.0
122,61776.0,0,2017-12-02,0.0,0.0
123,61776.0,0,2017-12-03,0.0,0.0
124,61776.0,0,2017-12-04,0.0,0.0
125,61776.0,0,2017-12-05,0.0,0.0
126,61776.0,0,2017-12-06,0.0,0.0
127,61776.0,0,2017-12-07,0.0,0.0
128,61776.0,0,2017-12-08,0.0,0.0
129,61776.0,0,2017-12-09,0.0,0.0
130,61776.0,0,2017-12-10,0.0,0.0
131,61776.0,0,2017-12-11,0.0,0.0
132,61776.0,0,2017-12-12,0.0,0.0
133,61776.0,0,2017-12-13,0.0,0.0
134,61776.0,0,2017-12-14,0.0,0.0
135,61776.0,0,2017-12-15,0.0,0.0
136,61776.0,0,2017-12-16,0.0,0.0
137,61776.0,0,2017-12-17,0.0,0.0
138,61776.0,0,2017-12-18,0.0,0.0
139,61776.0,0,2017-12-19,0.0,0.0
140,61776.0,0,2017-12-20,0.0,0.0
141,61776.0,0,2017-12-21,0.0,0.0
142,61776.0,0,2017-12-22,0.0,0.0
143,61776.0,0,2017-12-23,0.0,0.0
144,61776.0,0,2017-12-24,0.0,0.0
145,61776.0,0,2017-12-25,0.0,0.0
146,61776.0,0,2017-12-26,0.0,0.0
147,61776.0,0,2017-12-27,0.0,0.0
148,61776.0,0,2017-12-28,0.0,0.0
149,61776.0,0,2017-12-29,0.0,0.0
150,61776.0,0,2017-12-30,0.0,0.0
151,61776.0,0,2017-12-31,0.0,0.0
4,61776.0,LÁMPARA BLANCO METAL / ACRÍLICO,2018-01-01,24.71,1.0
152,61776.0,0,2018-01-02,0.0,0.0
153,61776.0,0,2018-01-03,0.0,0.0
154,61776.0,0,2018-01-04,0.0,0.0
155,61776.0,0,2018-01-05,0.0,0.0
156,61776.0,0,2018-01-06,0.0,0.0
157,61776.0,0,2018-01-07,0.0,0.0
158,61776.0,0,2018-01-08,0.0,0.0
159,61776.0,0,2018-01-09,0.0,0.0
160,61776.0,0,2018-01-10,0.0,0.0
161,61776.0,0,2018-01-11,0.0,0.0
162,61776.0,0,2018-01-12,0.0,0.0
5,61776.0,LÁMPARA BLANCO METAL / ACRÍLICO,2018-01-13,39.51,2.0
163,61776.0,0,2018-01-14,0.0,0.0
164,61776.0,0,2018-01-15,0.0,0.0
6,61776.0,LÁMPARA BLANCO METAL / ACRÍLICO,2018-01-16,19.75,1.0
165,61776.0,0,2018-01-17,0.0,0.0
166,61776.0,0,2018-01-18,0.0,0.0
167,61776.0,0,2018-01-19,0.0,0.0
168,61776.0,0,2018-01-20,0.0,0.0
169,61776.0,0,2018-01-21,0.0,0.0
170,61776.0,0,2018-01-22,0.0,0.0
171,61776.0,0,2018-01-23,0.0,0.0
172,61776.0,0,2018-01-24,0.0,0.0
173,61776.0,0,2018-01-25,0.0,0.0
174,61776.0,0,2018-01-26,0.0,0.0
175,61776.0,0,2018-01-27,0.0,0.0
176,61776.0,0,2018-01-28,0.0,0.0
7,61776.0,LÁMPARA BLANCO METAL / ACRÍLICO,2018-01-29,39.5,2.0
177,61776.0,0,2018-01-30,0.0,0.0
178,61776.0,0,2018-01-31,0.0,0.0
179,61776.0,0,2018-02-01,0.0,0.0
180,61776.0,0,2018-02-02,0.0,0.0
181,61776.0,0,2018-02-03,0.0,0.0
182,61776.0,0,2018-02-04,0.0,0.0
183,61776.0,0,2018-02-05,0.0,0.0
8,61776.0,LÁMPARA BLANCO METAL / ACRÍLICO,2018-02-06,37.02,2.0
184,61776.0,0,2018-02-07,0.0,0.0
185,61776.0,0,2018-02-08,0.0,0.0
186,61776.0,0,2018-02-09,0.0,0.0
187,61776.0,0,2018-02-10,0.0,0.0
188,61776.0,0,2018-02-11,0.0,0.0
189,61776.0,0,2018-02-12,0.0,0.0
190,61776.0,0,2018-02-13,0.0,0.0
191,61776.0,0,2018-02-14,0.0,0.0
192,61776.0,0,2018-02-15,0.0,0.0
193,61776.0,0,2018-02-16,0.0,0.0
194,61776.0,0,2018-02-17,0.0,0.0
195,61776.0,0,2018-02-18,0.0,0.0
196,61776.0,0,2018-02-19,0.0,0.0
197,61776.0,0,2018-02-20,0.0,0.0
198,61776.0,0,2018-02-21,0.0,0.0
199,61776.0,0,2018-02-22,0.0,0.0
200,61776.0,0,2018-02-23,0.0,0.0
201,61776.0,0,2018-02-24,0.0,0.0
9,61776.0,LÁMPARA BLANCO METAL / ACRÍLICO,2018-02-25,24.71,1.0
202,61776.0,0,2018-02-26,0.0,0.0
203,61776.0,0,2018-02-27,0.0,0.0
204,61776.0,0,2018-02-28,0.0,0.0
205,61776.0,0,2018-03-01,0.0,0.0
206,61776.0,0,2018-03-02,0.0,0.0
207,61776.0,0,2018-03-03,0.0,0.0
208,61776.0,0,2018-03-04,0.0,0.0
209,61776.0,0,2018-03-05,0.0,0.0
210,61776.0,0,2018-03-06,0.0,0.0
211,61776.0,0,2018-03-07,0.0,0.0
212,61776.0,0,2018-03-08,0.0,0.0
213,61776.0,0,2018-03-09,0.0,0.0
214,61776.0,0,2018-03-10,0.0,0.0
215,61776.0,0,2018-03-11,0.0,0.0
216,61776.0,0,2018-03-12,0.0,0.0
217,61776.0,0,2018-03-13,0.0,0.0
218,61776.0,0,2018-03-14,0.0,0.0
219,61776.0,0,2018-03-15,0.0,0.0
220,61776.0,0,2018-03-16,0.0,0.0
221,61776.0,0,2018-03-17,0.0,0.0
10,61776.0,LÁMPARA BLANCO METAL / ACRÍLICO,2018-03-18,49.42,2.0
222,61776.0,0,2018-03-19,0.0,0.0
223,61776.0,0,2018-03-20,0.0,0.0
11,61776.0,LÁMPARA BLANCO METAL / ACRÍLICO,2018-03-21,24.71,1.0
224,61776.0,0,2018-03-22,0.0,0.0
12,61776.0,LÁMPARA BLANCO METAL / ACRÍLICO,2018-03-23,74.14,3.0
225,61776.0,0,2018-03-24,0.0,0.0
226,61776.0,0,2018-03-25,0.0,0.0
227,61776.0,0,2018-03-26,0.0,0.0
228,61776.0,0,2018-03-27,0.0,0.0
229,61776.0,0,2018-03-28,0.0,0.0
230,61776.0,0,2018-03-29,0.0,0.0
231,61776.0,0,2018-03-30,0.0,0.0
232,61776.0,0,2018-03-31,0.0,0.0
233,61776.0,0,2018-04-01,0.0,0.0
234,61776.0,0,2018-04-02,0.0,0.0
235,61776.0,0,2018-04-03,0.0,0.0
236,61776.0,0,2018-04-04,0.0,0.0
237,61776.0,0,2018-04-05,0.0,0.0
238,61776.0,0,2018-04-06,0.0,0.0
239,61776.0,0,2018-04-07,0.0,0.0
240,61776.0,0,2018-04-08,0.0,0.0
13,61776.0,LÁMPARA BLANCO METAL / ACRÍLICO,2018-04-09,49.42,2.0
241,61776.0,0,2018-04-10,0.0,0.0
242,61776.0,0,2018-04-11,0.0,0.0
243,61776.0,0,2018-04-12,0.0,0.0
244,61776.0,0,2018-04-13,0.0,0.0
245,61776.0,0,2018-04-14,0.0,0.0
14,61776.0,LÁMPARA BLANCO METAL / ACRÍLICO,2018-04-15,49.42,2.0
246,61776.0,0,2018-04-16,0.0,0.0
247,61776.0,0,2018-04-17,0.0,0.0
248,61776.0,0,2018-04-18,0.0,0.0
249,61776.0,0,2018-04-19,0.0,0.0
250,61776.0,0,2018-04-20,0.0,0.0
251,61776.0,0,2018-04-21,0.0,0.0
252,61776.0,0,2018-04-22,0.0,0.0
15,61776.0,LÁMPARA BLANCO METAL / ACRÍLICO,2018-04-23,42.02,2.0
253,61776.0,0,2018-04-24,0.0,0.0
254,61776.0,0,2018-04-25,0.0,0.0
255,61776.0,0,2018-04-26,0.0,0.0
256,61776.0,0,2018-04-27,0.0,0.0
257,61776.0,0,2018-04-28,0.0,0.0
258,61776.0,0,2018-04-29,0.0,0.0
259,61776.0,0,2018-04-30,0.0,0.0
260,61776.0,0,2018-05-01,0.0,0.0
261,61776.0,0,2018-05-02,0.0,0.0
262,61776.0,0,2018-05-03,0.0,0.0
263,61776.0,0,2018-05-04,0.0,0.0
264,61776.0,0,2018-05-05,0.0,0.0
265,61776.0,0,2018-05-06,0.0,0.0
266,61776.0,0,2018-05-07,0.0,0.0
267,61776.0,0,2018-05-08,0.0,0.0
268,61776.0,0,2018-05-09,0.0,0.0
269,61776.0,0,2018-05-10,0.0,0.0
270,61776.0,0,2018-05-11,0.0,0.0
271,61776.0,0,2018-05-12,0.0,0.0
272,61776.0,0,2018-05-13,0.0,0.0
273,61776.0,0,2018-05-14,0.0,0.0
274,61776.0,0,2018-05-15,0.0,0.0
275,61776.0,0,2018-05-16,0.0,0.0
276,61776.0,0,2018-05-17,0.0,0.0
277,61776.0,0,2018-05-18,0.0,0.0
278,61776.0,0,2018-05-19,0.0,0.0
279,61776.0,0,2018-05-20,0.0,0.0
280,61776.0,0,2018-05-21,0.0,0.0
281,61776.0,0,2018-05-22,0.0,0.0
16,61776.0,LÁMPARA BLANCO METAL / ACRÍLICO,2018-05-23,49.42,2.0
282,61776.0,0,2018-05-24,0.0,0.0
283,61776.0,0,2018-05-25,0.0,0.0
284,61776.0,0,2018-05-26,0.0,0.0
285,61776.0,0,2018-05-27,0.0,0.0
286,61776.0,0,2018-05-28,0.0,0.0
287,61776.0,0,2018-05-29,0.0,0.0
288,61776.0,0,2018-05-30,0.0,0.0
289,61776.0,0,2018-05-31,0.0,0.0
290,61776.0,0,2018-06-01,0.0,0.0
291,61776.0,0,2018-06-02,0.0,0.0
292,61776.0,0,2018-06-03,0.0,0.0
293,61776.0,0,2018-06-04,0.0,0.0
294,61776.0,0,2018-06-05,0.0,0.0
295,61776.0,0,2018-06-06,0.0,0.0
296,61776.0,0,2018-06-07,0.0,0.0
297,61776.0,0,2018-06-08,0.0,0.0
298,61776.0,0,2018-06-09,0.0,0.0
299,61776.0,0,2018-06-10,0.0,0.0
300,61776.0,0,2018-06-11,0.0,0.0
301,61776.0,0,2018-06-12,0.0,0.0
302,61776.0,0,2018-06-13,0.0,0.0
303,61776.0,0,2018-06-14,0.0,0.0
304,61776.0,0,2018-06-15,0.0,0.0
305,61776.0,0,2018-06-16,0.0,0.0
306,61776.0,0,2018-06-17,0.0,0.0
307,61776.0,0,2018-06-18,0.0,0.0
308,61776.0,0,2018-06-19,0.0,0.0
309,61776.0,0,2018-06-20,0.0,0.0
310,61776.0,0,2018-06-21,0.0,0.0
311,61776.0,0,2018-06-22,0.0,0.0
312,61776.0,0,2018-06-23,0.0,0.0
313,61776.0,0,2018-06-24,0.0,0.0
17,61776.0,LÁMPARA BLANCO METAL / ACRÍLICO,2018-06-25,49.41,2.0
314,61776.0,0,2018-06-26,0.0,0.0
315,61776.0,0,2018-06-27,0.0,0.0
316,61776.0,0,2018-06-28,0.0,0.0
317,61776.0,0,2018-06-29,0.0,0.0
318,61776.0,0,2018-06-30,0.0,0.0
319,61776.0,0,2018-07-01,0.0,0.0
320,61776.0,0,2018-07-02,0.0,0.0
18,61776.0,LÁMPARA BLANCO METAL / ACRÍLICO,2018-07-03,49.42,2.0
321,61776.0,0,2018-07-04,0.0,0.0
322,61776.0,0,2018-07-05,0.0,0.0
323,61776.0,0,2018-07-06,0.0,0.0
324,61776.0,0,2018-07-07,0.0,0.0
325,61776.0,0,2018-07-08,0.0,0.0
326,61776.0,0,2018-07-09,0.0,0.0
327,61776.0,0,2018-07-10,0.0,0.0
328,61776.0,0,2018-07-11,0.0,0.0
329,61776.0,0,2018-07-12,0.0,0.0
330,61776.0,0,2018-07-13,0.0,0.0
331,61776.0,0,2018-07-14,0.0,0.0
332,61776.0,0,2018-07-15,0.0,0.0
333,61776.0,0,2018-07-16,0.0,0.0
334,61776.0,0,2018-07-17,0.0,0.0
335,61776.0,0,2018-07-18,0.0,0.0
336,61776.0,0,2018-07-19,0.0,0.0
337,61776.0,0,2018-07-20,0.0,0.0
338,61776.0,0,2018-07-21,0.0,0.0
339,61776.0,0,2018-07-22,0.0,0.0
340,61776.0,0,2018-07-23,0.0,0.0
341,61776.0,0,2018-07-24,0.0,0.0
342,61776.0,0,2018-07-25,0.0,0.0
343,61776.0,0,2018-07-26,0.0,0.0
344,61776.0,0,2018-07-27,0.0,0.0
345,61776.0,0,2018-07-28,0.0,0.0
346,61776.0,0,2018-07-29,0.0,0.0
347,61776.0,0,2018-07-30,0.0,0.0
348,61776.0,0,2018-07-31,0.0,0.0
349,61776.0,0,2018-08-01,0.0,0.0
350,61776.0,0,2018-08-02,0.0,0.0
351,61776.0,0,2018-08-03,0.0,0.0
352,61776.0,0,2018-08-04,0.0,0.0
353,61776.0,0,2018-08-05,0.0,0.0
354,61776.0,0,2018-08-06,0.0,0.0
355,61776.0,0,2018-08-07,0.0,0.0
356,61776.0,0,2018-08-08,0.0,0.0
357,61776.0,0,2018-08-09,0.0,0.0
358,61776.0,0,2018-08-10,0.0,0.0
359,61776.0,0,2018-08-11,0.0,0.0
360,61776.0,0,2018-08-12,0.0,0.0
361,61776.0,0,2018-08-13,0.0,0.0
362,61776.0,0,2018-08-14,0.0,0.0
363,61776.0,0,2018-08-15,0.0,0.0
364,61776.0,0,2018-08-16,0.0,0.0
365,61776.0,0,2018-08-17,0.0,0.0
366,61776.0,0,2018-08-18,0.0,0.0
367,61776.0,0,2018-08-19,0.0,0.0
368,61776.0,0,2018-08-20,0.0,0.0
369,61776.0,0,2018-08-21,0.0,0.0
370,61776.0,0,2018-08-22,0.0,0.0
371,61776.0,0,2018-08-23,0.0,0.0
372,61776.0,0,2018-08-24,0.0,0.0
373,61776.0,0,2018-08-25,0.0,0.0
374,61776.0,0,2018-08-26,0.0,0.0
375,61776.0,0,2018-08-27,0.0,0.0
376,61776.0,0,2018-08-28,0.0,0.0
377,61776.0,0,2018-08-29,0.0,0.0
378,61776.0,0,2018-08-30,0.0,0.0
379,61776.0,0,2018-08-31,0.0,0.0
380,61776.0,0,2018-09-01,0.0,0.0
381,61776.0,0,2018-09-02,0.0,0.0
382,61776.0,0,2018-09-03,0.0,0.0
383,61776.0,0,2018-09-04,0.0,0.0
384,61776.0,0,2018-09-05,0.0,0.0
385,61776.0,0,2018-09-06,0.0,0.0
19,61776.0,LÁMPARA BLANCO METAL / ACRÍLICO,2018-09-07,49.42,2.0
386,61776.0,0,2018-09-08,0.0,0.0
387,61776.0,0,2018-09-09,0.0,0.0
388,61776.0,0,2018-09-10,0.0,0.0
389,61776.0,0,2018-09-11,0.0,0.0
390,61776.0,0,2018-09-12,0.0,0.0
391,61776.0,0,2018-09-13,0.0,0.0
392,61776.0,0,2018-09-14,0.0,0.0
393,61776.0,0,2018-09-15,0.0,0.0
394,61776.0,0,2018-09-16,0.0,0.0
395,61776.0,0,2018-09-17,0.0,0.0
396,61776.0,0,2018-09-18,0.0,0.0
397,61776.0,0,2018-09-19,0.0,0.0
398,61776.0,0,2018-09-20,0.0,0.0
399,61776.0,0,2018-09-21,0.0,0.0
400,61776.0,0,2018-09-22,0.0,0.0
401,61776.0,0,2018-09-23,0.0,0.0
402,61776.0,0,2018-09-24,0.0,0.0
403,61776.0,0,2018-09-25,0.0,0.0
404,61776.0,0,2018-09-26,0.0,0.0
405,61776.0,0,2018-09-27,0.0,0.0
406,61776.0,0,2018-09-28,0.0,0.0
407,61776.0,0,2018-09-29,0.0,0.0
408,61776.0,0,2018-09-30,0.0,0.0
409,61776.0,0,2018-10-01,0.0,0.0
410,61776.0,0,2018-10-02,0.0,0.0
411,61776.0,0,2018-10-03,0.0,0.0
412,61776.0,0,2018-10-04,0.0,0.0
413,61776.0,0,2018-10-05,0.0,0.0
414,61776.0,0,2018-10-06,0.0,0.0
415,61776.0,0,2018-10-07,0.0,0.0
416,61776.0,0,2018-10-08,0.0,0.0
417,61776.0,0,2018-10-09,0.0,0.0
418,61776.0,0,2018-10-10,0.0,0.0
419,61776.0,0,2018-10-11,0.0,0.0
420,61776.0,0,2018-10-12,0.0,0.0
421,61776.0,0,2018-10-13,0.0,0.0
422,61776.0,0,2018-10-14,0.0,0.0
423,61776.0,0,2018-10-15,0.0,0.0
424,61776.0,0,2018-10-16,0.0,0.0
425,61776.0,0,2018-10-17,0.0,0.0
426,61776.0,0,2018-10-18,0.0,0.0
427,61776.0,0,2018-10-19,0.0,0.0
428,61776.0,0,2018-10-20,0.0,0.0
429,61776.0,0,2018-10-21,0.0,0.0
430,61776.0,0,2018-10-22,0.0,0.0
431,61776.0,0,2018-10-23,0.0,0.0
432,61776.0,0,2018-10-24,0.0,0.0
433,61776.0,0,2018-10-25,0.0,0.0
20,61776.0,LÁMPARA BLANCO METAL / ACRÍLICO,2018-10-26,22.24,1.0
434,61776.0,0,2018-10-27,0.0,0.0
435,61776.0,0,2018-10-28,0.0,0.0
436,61776.0,0,2018-10-29,0.0,0.0
437,61776.0,0,2018-10-30,0.0,0.0
438,61776.0,0,2018-10-31,0.0,0.0
439,61776.0,0,2018-11-01,0.0,0.0
440,61776.0,0,2018-11-02,0.0,0.0
441,61776.0,0,2018-11-03,0.0,0.0
442,61776.0,0,2018-11-04,0.0,0.0
443,61776.0,0,2018-11-05,0.0,0.0
444,61776.0,0,2018-11-06,0.0,0.0
21,61776.0,LÁMPARA BLANCO METAL / ACRÍLICO,2018-11-07,98.84,4.0
445,61776.0,0,2018-11-08,0.0,0.0
446,61776.0,0,2018-11-09,0.0,0.0
447,61776.0,0,2018-11-10,0.0,0.0
448,61776.0,0,2018-11-11,0.0,0.0
449,61776.0,0,2018-11-12,0.0,0.0
22,61776.0,LÁMPARA BLANCO METAL / ACRÍLICO,2018-11-13,49.42,2.0
450,61776.0,0,2018-11-14,0.0,0.0
451,61776.0,0,2018-11-15,0.0,0.0
452,61776.0,0,2018-11-16,0.0,0.0
453,61776.0,0,2018-11-17,0.0,0.0
454,61776.0,0,2018-11-18,0.0,0.0
23,61776.0,LÁMPARA BLANCO METAL / ACRÍLICO,2018-11-19,24.71,1.0
455,61776.0,0,2018-11-20,0.0,0.0
456,61776.0,0,2018-11-21,0.0,0.0
457,61776.0,0,2018-11-22,0.0,0.0
458,61776.0,0,2018-11-23,0.0,0.0
459,61776.0,0,2018-11-24,0.0,0.0
460,61776.0,0,2018-11-25,0.0,0.0
461,61776.0,0,2018-11-26,0.0,0.0
462,61776.0,0,2018-11-27,0.0,0.0
463,61776.0,0,2018-11-28,0.0,0.0
24,61776.0,LÁMPARA BLANCO METAL / ACRÍLICO,2018-11-29,49.42,2.0
464,61776.0,0,2018-11-30,0.0,0.0
465,61776.0,0,2018-12-01,0.0,0.0
466,61776.0,0,2018-12-02,0.0,0.0
467,61776.0,0,2018-12-03,0.0,0.0
468,61776.0,0,2018-12-04,0.0,0.0
469,61776.0,0,2018-12-05,0.0,0.0
470,61776.0,0,2018-12-06,0.0,0.0
471,61776.0,0,2018-12-07,0.0,0.0
472,61776.0,0,2018-12-08,0.0,0.0
473,61776.0,0,2018-12-09,0.0,0.0
474,61776.0,0,2018-12-10,0.0,0.0
475,61776.0,0,2018-12-11,0.0,0.0
476,61776.0,0,2018-12-12,0.0,0.0
477,61776.0,0,2018-12-13,0.0,0.0
478,61776.0,0,2018-12-14,0.0,0.0
479,61776.0,0,2018-12-15,0.0,0.0
480,61776.0,0,2018-12-16,0.0,0.0
481,61776.0,0,2018-12-17,0.0,0.0
25,61776.0,LÁMPARA BLANCO METAL / ACRÍLICO,2018-12-18,24.71,1.0
482,61776.0,0,2018-12-19,0.0,0.0
483,61776.0,0,2018-12-20,0.0,0.0
484,61776.0,0,2018-12-21,0.0,0.0
485,61776.0,0,2018-12-22,0.0,0.0
486,61776.0,0,2018-12-23,0.0,0.0
487,61776.0,0,2018-12-24,0.0,0.0
488,61776.0,0,2018-12-25,0.0,0.0
489,61776.0,0,2018-12-26,0.0,0.0
490,61776.0,0,2018-12-27,0.0,0.0
491,61776.0,0,2018-12-28,0.0,0.0
492,61776.0,0,2018-12-29,0.0,0.0
493,61776.0,0,2018-12-30,0.0,0.0
494,61776.0,0,2018-12-31,0.0,0.0
26,61776.0,LÁMPARA BLANCO METAL / ACRÍLICO,2019-01-01,24.71,1.0
495,61776.0,0,2019-01-02,0.0,0.0
496,61776.0,0,2019-01-03,0.0,0.0
497,61776.0,0,2019-01-04,0.0,0.0
498,61776.0,0,2019-01-05,0.0,0.0
499,61776.0,0,2019-01-06,0.0,0.0
500,61776.0,0,2019-01-07,0.0,0.0
501,61776.0,0,2019-01-08,0.0,0.0
502,61776.0,0,2019-01-09,0.0,0.0
503,61776.0,0,2019-01-10,0.0,0.0
504,61776.0,0,2019-01-11,0.0,0.0
505,61776.0,0,2019-01-12,0.0,0.0
506,61776.0,0,2019-01-13,0.0,0.0
507,61776.0,0,2019-01-14,0.0,0.0
508,61776.0,0,2019-01-15,0.0,0.0
27,61776.0,LÁMPARA BLANCO METAL / ACRÍLICO,2019-01-16,22.23,1.0
509,61776.0,0,2019-01-17,0.0,0.0
510,61776.0,0,2019-01-18,0.0,0.0
511,61776.0,0,2019-01-19,0.0,0.0
512,61776.0,0,2019-01-20,0.0,0.0
513,61776.0,0,2019-01-21,0.0,0.0
514,61776.0,0,2019-01-22,0.0,0.0
515,61776.0,0,2019-01-23,0.0,0.0
516,61776.0,0,2019-01-24,0.0,0.0
517,61776.0,0,2019-01-25,0.0,0.0
518,61776.0,0,2019-01-26,0.0,0.0
519,61776.0,0,2019-01-27,0.0,0.0
520,61776.0,0,2019-01-28,0.0,0.0
521,61776.0,0,2019-01-29,0.0,0.0
522,61776.0,0,2019-01-30,0.0,0.0
523,61776.0,0,2019-01-31,0.0,0.0
524,61776.0,0,2019-02-01,0.0,0.0
525,61776.0,0,2019-02-02,0.0,0.0
526,61776.0,0,2019-02-03,0.0,0.0
527,61776.0,0,2019-02-04,0.0,0.0
528,61776.0,0,2019-02-05,0.0,0.0
529,61776.0,0,2019-02-06,0.0,0.0
530,61776.0,0,2019-02-07,0.0,0.0
531,61776.0,0,2019-02-08,0.0,0.0
28,61776.0,LÁMPARA BLANCO METAL / ACRÍLICO,2019-02-09,44.46,2.0
29,61776.0,LÁMPARA BLANCO METAL / ACRÍLICO,2019-02-10,44.47,2.0
30,61776.0,LÁMPARA BLANCO METAL / ACRÍLICO,2019-02-11,44.46,2.0
532,61776.0,0,2019-02-12,0.0,0.0
31,61776.0,LÁMPARA BLANCO METAL / ACRÍLICO,2019-02-13,41.98,2.0
533,61776.0,0,2019-02-14,0.0,0.0
534,61776.0,0,2019-02-15,0.0,0.0
535,61776.0,0,2019-02-16,0.0,0.0
536,61776.0,0,2019-02-17,0.0,0.0
537,61776.0,0,2019-02-18,0.0,0.0
32,61776.0,LÁMPARA BLANCO METAL / ACRÍLICO,2019-02-19,19.94,1.0
538,61776.0,0,2019-02-20,0.0,0.0
539,61776.0,0,2019-02-21,0.0,0.0
540,61776.0,0,2019-02-22,0.0,0.0
541,61776.0,0,2019-02-23,0.0,0.0
542,61776.0,0,2019-02-24,0.0,0.0
543,61776.0,0,2019-02-25,0.0,0.0
544,61776.0,0,2019-02-26,0.0,0.0
545,61776.0,0,2019-02-27,0.0,0.0
546,61776.0,0,2019-02-28,0.0,0.0
547,61776.0,0,2019-03-01,0.0,0.0
548,61776.0,0,2019-03-02,0.0,0.0
33,61776.0,LÁMPARA BLANCO METAL / ACRÍLICO,2019-03-03,49.42,2.0
549,61776.0,0,2019-03-04,0.0,0.0
34,61776.0,LÁMPARA BLANCO METAL / ACRÍLICO,2019-03-05,44.48,2.0
550,61776.0,0,2019-03-06,0.0,0.0
551,61776.0,0,2019-03-07,0.0,0.0
552,61776.0,0,2019-03-08,0.0,0.0
553,61776.0,0,2019-03-09,0.0,0.0
554,61776.0,0,2019-03-10,0.0,0.0
555,61776.0,0,2019-03-11,0.0,0.0
556,61776.0,0,2019-03-12,0.0,0.0
557,61776.0,0,2019-03-13,0.0,0.0
558,61776.0,0,2019-03-14,0.0,0.0
559,61776.0,0,2019-03-15,0.0,0.0
560,61776.0,0,2019-03-16,0.0,0.0
561,61776.0,0,2019-03-17,0.0,0.0
562,61776.0,0,2019-03-18,0.0,0.0
563,61776.0,0,2019-03-19,0.0,0.0
564,61776.0,0,2019-03-20,0.0,0.0
565,61776.0,0,2019-03-21,0.0,0.0
566,61776.0,0,2019-03-22,0.0,0.0
567,61776.0,0,2019-03-23,0.0,0.0
568,61776.0,0,2019-03-24,0.0,0.0
569,61776.0,0,2019-03-25,0.0,0.0
570,61776.0,0,2019-03-26,0.0,0.0
571,61776.0,0,2019-03-27,0.0,0.0
572,61776.0,0,2019-03-28,0.0,0.0
573,61776.0,0,2019-03-29,0.0,0.0
574,61776.0,0,2019-03-30,0.0,0.0
575,61776.0,0,2019-03-31,0.0,0.0
