,Reference,Name,Dates,Net_Incomes,Units_Sold
41,82466.0,0,2017-09-02,0.0,0.0
42,82466.0,0,2017-09-03,0.0,0.0
43,82466.0,0,2017-09-04,0.0,0.0
44,82466.0,0,2017-09-05,0.0,0.0
45,82466.0,0,2017-09-06,0.0,0.0
46,82466.0,0,2017-09-07,0.0,0.0
47,82466.0,0,2017-09-08,0.0,0.0
48,82466.0,0,2017-09-09,0.0,0.0
49,82466.0,0,2017-09-10,0.0,0.0
50,82466.0,0,2017-09-11,0.0,0.0
51,82466.0,0,2017-09-12,0.0,0.0
52,82466.0,0,2017-09-13,0.0,0.0
53,82466.0,0,2017-09-14,0.0,0.0
54,82466.0,0,2017-09-15,0.0,0.0
55,82466.0,0,2017-09-16,0.0,0.0
56,82466.0,0,2017-09-17,0.0,0.0
57,82466.0,0,2017-09-18,0.0,0.0
58,82466.0,0,2017-09-19,0.0,0.0
59,82466.0,0,2017-09-20,0.0,0.0
60,82466.0,0,2017-09-21,0.0,0.0
61,82466.0,0,2017-09-22,0.0,0.0
62,82466.0,0,2017-09-23,0.0,0.0
63,82466.0,0,2017-09-24,0.0,0.0
64,82466.0,0,2017-09-25,0.0,0.0
65,82466.0,0,2017-09-26,0.0,0.0
66,82466.0,0,2017-09-27,0.0,0.0
67,82466.0,0,2017-09-28,0.0,0.0
68,82466.0,0,2017-09-29,0.0,0.0
69,82466.0,0,2017-09-30,0.0,0.0
70,82466.0,0,2017-10-01,0.0,0.0
71,82466.0,0,2017-10-02,0.0,0.0
72,82466.0,0,2017-10-03,0.0,0.0
73,82466.0,0,2017-10-04,0.0,0.0
74,82466.0,0,2017-10-05,0.0,0.0
75,82466.0,0,2017-10-06,0.0,0.0
76,82466.0,0,2017-10-07,0.0,0.0
77,82466.0,0,2017-10-08,0.0,0.0
78,82466.0,0,2017-10-09,0.0,0.0
79,82466.0,0,2017-10-10,0.0,0.0
80,82466.0,0,2017-10-11,0.0,0.0
81,82466.0,0,2017-10-12,0.0,0.0
82,82466.0,0,2017-10-13,0.0,0.0
83,82466.0,0,2017-10-14,0.0,0.0
84,82466.0,0,2017-10-15,0.0,0.0
85,82466.0,0,2017-10-16,0.0,0.0
86,82466.0,0,2017-10-17,0.0,0.0
0,82466.0,SILLA CON BRAZOS FORJA HELENE,2017-10-18,107.27,2.0
87,82466.0,0,2017-10-19,0.0,0.0
88,82466.0,0,2017-10-20,0.0,0.0
89,82466.0,0,2017-10-21,0.0,0.0
90,82466.0,0,2017-10-22,0.0,0.0
91,82466.0,0,2017-10-23,0.0,0.0
92,82466.0,0,2017-10-24,0.0,0.0
93,82466.0,0,2017-10-25,0.0,0.0
94,82466.0,0,2017-10-26,0.0,0.0
95,82466.0,0,2017-10-27,0.0,0.0
96,82466.0,0,2017-10-28,0.0,0.0
97,82466.0,0,2017-10-29,0.0,0.0
98,82466.0,0,2017-10-30,0.0,0.0
99,82466.0,0,2017-10-31,0.0,0.0
100,82466.0,0,2017-11-01,0.0,0.0
101,82466.0,0,2017-11-02,0.0,0.0
102,82466.0,0,2017-11-03,0.0,0.0
103,82466.0,0,2017-11-04,0.0,0.0
104,82466.0,0,2017-11-05,0.0,0.0
105,82466.0,0,2017-11-06,0.0,0.0
106,82466.0,0,2017-11-07,0.0,0.0
107,82466.0,0,2017-11-08,0.0,0.0
108,82466.0,0,2017-11-09,0.0,0.0
109,82466.0,0,2017-11-10,0.0,0.0
110,82466.0,0,2017-11-11,0.0,0.0
111,82466.0,0,2017-11-12,0.0,0.0
112,82466.0,0,2017-11-13,0.0,0.0
113,82466.0,0,2017-11-14,0.0,0.0
114,82466.0,0,2017-11-15,0.0,0.0
115,82466.0,0,2017-11-16,0.0,0.0
116,82466.0,0,2017-11-17,0.0,0.0
117,82466.0,0,2017-11-18,0.0,0.0
118,82466.0,0,2017-11-19,0.0,0.0
1,82466.0,SILLA CON BRAZOS FORJA HELENE,2017-11-20,0.0,4.0
119,82466.0,0,2017-11-21,0.0,0.0
120,82466.0,0,2017-11-22,0.0,0.0
121,82466.0,0,2017-11-23,0.0,0.0
2,82466.0,SILLA CON BRAZOS FORJA HELENE,2017-11-24,0.0,4.0
122,82466.0,0,2017-11-25,0.0,0.0
123,82466.0,0,2017-11-26,0.0,0.0
124,82466.0,0,2017-11-27,0.0,0.0
125,82466.0,0,2017-11-28,0.0,0.0
126,82466.0,0,2017-11-29,0.0,0.0
127,82466.0,0,2017-11-30,0.0,0.0
128,82466.0,0,2017-12-01,0.0,0.0
129,82466.0,0,2017-12-02,0.0,0.0
130,82466.0,0,2017-12-03,0.0,0.0
131,82466.0,0,2017-12-04,0.0,0.0
132,82466.0,0,2017-12-05,0.0,0.0
133,82466.0,0,2017-12-06,0.0,0.0
134,82466.0,0,2017-12-07,0.0,0.0
135,82466.0,0,2017-12-08,0.0,0.0
136,82466.0,0,2017-12-09,0.0,0.0
137,82466.0,0,2017-12-10,0.0,0.0
138,82466.0,0,2017-12-11,0.0,0.0
139,82466.0,0,2017-12-12,0.0,0.0
140,82466.0,0,2017-12-13,0.0,0.0
141,82466.0,0,2017-12-14,0.0,0.0
142,82466.0,0,2017-12-15,0.0,0.0
143,82466.0,0,2017-12-16,0.0,0.0
144,82466.0,0,2017-12-17,0.0,0.0
145,82466.0,0,2017-12-18,0.0,0.0
146,82466.0,0,2017-12-19,0.0,0.0
147,82466.0,0,2017-12-20,0.0,0.0
148,82466.0,0,2017-12-21,0.0,0.0
149,82466.0,0,2017-12-22,0.0,0.0
150,82466.0,0,2017-12-23,0.0,0.0
151,82466.0,0,2017-12-24,0.0,0.0
152,82466.0,0,2017-12-25,0.0,0.0
153,82466.0,0,2017-12-26,0.0,0.0
154,82466.0,0,2017-12-27,0.0,0.0
155,82466.0,0,2017-12-28,0.0,0.0
156,82466.0,0,2017-12-29,0.0,0.0
157,82466.0,0,2017-12-30,0.0,0.0
158,82466.0,0,2017-12-31,0.0,0.0
159,82466.0,0,2018-01-01,0.0,0.0
160,82466.0,0,2018-01-02,0.0,0.0
161,82466.0,0,2018-01-03,0.0,0.0
162,82466.0,0,2018-01-04,0.0,0.0
163,82466.0,0,2018-01-05,0.0,0.0
164,82466.0,0,2018-01-06,0.0,0.0
165,82466.0,0,2018-01-07,0.0,0.0
166,82466.0,0,2018-01-08,0.0,0.0
167,82466.0,0,2018-01-09,0.0,0.0
168,82466.0,0,2018-01-10,0.0,0.0
169,82466.0,0,2018-01-11,0.0,0.0
170,82466.0,0,2018-01-12,0.0,0.0
171,82466.0,0,2018-01-13,0.0,0.0
172,82466.0,0,2018-01-14,0.0,0.0
173,82466.0,0,2018-01-15,0.0,0.0
174,82466.0,0,2018-01-16,0.0,0.0
175,82466.0,0,2018-01-17,0.0,0.0
176,82466.0,0,2018-01-18,0.0,0.0
177,82466.0,0,2018-01-19,0.0,0.0
178,82466.0,0,2018-01-20,0.0,0.0
179,82466.0,0,2018-01-21,0.0,0.0
180,82466.0,0,2018-01-22,0.0,0.0
181,82466.0,0,2018-01-23,0.0,0.0
182,82466.0,0,2018-01-24,0.0,0.0
183,82466.0,0,2018-01-25,0.0,0.0
184,82466.0,0,2018-01-26,0.0,0.0
185,82466.0,0,2018-01-27,0.0,0.0
186,82466.0,0,2018-01-28,0.0,0.0
187,82466.0,0,2018-01-29,0.0,0.0
188,82466.0,0,2018-01-30,0.0,0.0
189,82466.0,0,2018-01-31,0.0,0.0
190,82466.0,0,2018-02-01,0.0,0.0
191,82466.0,0,2018-02-02,0.0,0.0
192,82466.0,0,2018-02-03,0.0,0.0
193,82466.0,0,2018-02-04,0.0,0.0
194,82466.0,0,2018-02-05,0.0,0.0
195,82466.0,0,2018-02-06,0.0,0.0
196,82466.0,0,2018-02-07,0.0,0.0
3,82466.0,SILLA CON BRAZOS FORJA HELENE,2018-02-08,241.49,6.0
197,82466.0,0,2018-02-09,0.0,0.0
198,82466.0,0,2018-02-10,0.0,0.0
199,82466.0,0,2018-02-11,0.0,0.0
200,82466.0,0,2018-02-12,0.0,0.0
201,82466.0,0,2018-02-13,0.0,0.0
202,82466.0,0,2018-02-14,0.0,0.0
203,82466.0,0,2018-02-15,0.0,0.0
204,82466.0,0,2018-02-16,0.0,0.0
205,82466.0,0,2018-02-17,0.0,0.0
206,82466.0,0,2018-02-18,0.0,0.0
207,82466.0,0,2018-02-19,0.0,0.0
208,82466.0,0,2018-02-20,0.0,0.0
209,82466.0,0,2018-02-21,0.0,0.0
210,82466.0,0,2018-02-22,0.0,0.0
211,82466.0,0,2018-02-23,0.0,0.0
212,82466.0,0,2018-02-24,0.0,0.0
213,82466.0,0,2018-02-25,0.0,0.0
214,82466.0,0,2018-02-26,0.0,0.0
215,82466.0,0,2018-02-27,0.0,0.0
216,82466.0,0,2018-02-28,0.0,0.0
217,82466.0,0,2018-03-01,0.0,0.0
218,82466.0,0,2018-03-02,0.0,0.0
219,82466.0,0,2018-03-03,0.0,0.0
220,82466.0,0,2018-03-04,0.0,0.0
221,82466.0,0,2018-03-05,0.0,0.0
222,82466.0,0,2018-03-06,0.0,0.0
223,82466.0,0,2018-03-07,0.0,0.0
224,82466.0,0,2018-03-08,0.0,0.0
225,82466.0,0,2018-03-09,0.0,0.0
226,82466.0,0,2018-03-10,0.0,0.0
227,82466.0,0,2018-03-11,0.0,0.0
228,82466.0,0,2018-03-12,0.0,0.0
229,82466.0,0,2018-03-13,0.0,0.0
230,82466.0,0,2018-03-14,0.0,0.0
4,82466.0,SILLA CON BRAZOS FORJA HELENE,2018-03-15,53.64,1.0
231,82466.0,0,2018-03-16,0.0,0.0
232,82466.0,0,2018-03-17,0.0,0.0
233,82466.0,0,2018-03-18,0.0,0.0
234,82466.0,0,2018-03-19,0.0,0.0
235,82466.0,0,2018-03-20,0.0,0.0
236,82466.0,0,2018-03-21,0.0,0.0
237,82466.0,0,2018-03-22,0.0,0.0
238,82466.0,0,2018-03-23,0.0,0.0
239,82466.0,0,2018-03-24,0.0,0.0
240,82466.0,0,2018-03-25,0.0,0.0
241,82466.0,0,2018-03-26,0.0,0.0
242,82466.0,0,2018-03-27,0.0,0.0
243,82466.0,0,2018-03-28,0.0,0.0
244,82466.0,0,2018-03-29,0.0,0.0
245,82466.0,0,2018-03-30,0.0,0.0
246,82466.0,0,2018-03-31,0.0,0.0
247,82466.0,0,2018-04-01,0.0,0.0
248,82466.0,0,2018-04-02,0.0,0.0
249,82466.0,0,2018-04-03,0.0,0.0
5,82466.0,SILLA CON BRAZOS FORJA HELENE,2018-04-04,0.0,4.0
250,82466.0,0,2018-04-05,0.0,0.0
251,82466.0,0,2018-04-06,0.0,0.0
252,82466.0,0,2018-04-07,0.0,0.0
253,82466.0,0,2018-04-08,0.0,0.0
254,82466.0,0,2018-04-09,0.0,0.0
6,82466.0,SILLA CON BRAZOS FORJA HELENE,2018-04-10,0.0,4.0
255,82466.0,0,2018-04-11,0.0,0.0
256,82466.0,0,2018-04-12,0.0,0.0
257,82466.0,0,2018-04-13,0.0,0.0
258,82466.0,0,2018-04-14,0.0,0.0
259,82466.0,0,2018-04-15,0.0,0.0
260,82466.0,0,2018-04-16,0.0,0.0
7,82466.0,SILLA CON BRAZOS FORJA HELENE,2018-04-17,0.0,4.0
261,82466.0,0,2018-04-18,0.0,0.0
8,82466.0,SILLA CON BRAZOS FORJA HELENE,2018-04-19,0.0,4.0
262,82466.0,0,2018-04-20,0.0,0.0
263,82466.0,0,2018-04-21,0.0,0.0
9,82466.0,SILLA CON BRAZOS FORJA HELENE,2018-04-22,0.0,8.0
264,82466.0,0,2018-04-23,0.0,0.0
265,82466.0,0,2018-04-24,0.0,0.0
10,82466.0,SILLA CON BRAZOS FORJA HELENE,2018-04-25,321.82,6.0
266,82466.0,0,2018-04-26,0.0,0.0
267,82466.0,0,2018-04-27,0.0,0.0
268,82466.0,0,2018-04-28,0.0,0.0
269,82466.0,0,2018-04-29,0.0,0.0
270,82466.0,0,2018-04-30,0.0,0.0
271,82466.0,0,2018-05-01,0.0,0.0
272,82466.0,0,2018-05-02,0.0,0.0
273,82466.0,0,2018-05-03,0.0,0.0
274,82466.0,0,2018-05-04,0.0,0.0
11,82466.0,SILLA CON BRAZOS FORJA HELENE,2018-05-05,321.82,6.0
12,82466.0,SILLA CON BRAZOS FORJA HELENE,2018-05-06,0.0,4.0
275,82466.0,0,2018-05-07,0.0,0.0
276,82466.0,0,2018-05-08,0.0,0.0
277,82466.0,0,2018-05-09,0.0,0.0
278,82466.0,0,2018-05-10,0.0,0.0
13,82466.0,SILLA CON BRAZOS FORJA HELENE,2018-05-11,160.91,3.0
279,82466.0,0,2018-05-12,0.0,0.0
280,82466.0,0,2018-05-13,0.0,0.0
281,82466.0,0,2018-05-14,0.0,0.0
282,82466.0,0,2018-05-15,0.0,0.0
283,82466.0,0,2018-05-16,0.0,0.0
284,82466.0,0,2018-05-17,0.0,0.0
285,82466.0,0,2018-05-18,0.0,0.0
286,82466.0,0,2018-05-19,0.0,0.0
287,82466.0,0,2018-05-20,0.0,0.0
288,82466.0,0,2018-05-21,0.0,0.0
14,82466.0,SILLA CON BRAZOS FORJA HELENE,2018-05-22,214.55,4.0
289,82466.0,0,2018-05-23,0.0,0.0
290,82466.0,0,2018-05-24,0.0,0.0
291,82466.0,0,2018-05-25,0.0,0.0
292,82466.0,0,2018-05-26,0.0,0.0
15,82466.0,SILLA CON BRAZOS FORJA HELENE,2018-05-27,321.82,6.0
293,82466.0,0,2018-05-28,0.0,0.0
294,82466.0,0,2018-05-29,0.0,0.0
295,82466.0,0,2018-05-30,0.0,0.0
296,82466.0,0,2018-05-31,0.0,0.0
297,82466.0,0,2018-06-01,0.0,0.0
298,82466.0,0,2018-06-02,0.0,0.0
299,82466.0,0,2018-06-03,0.0,0.0
300,82466.0,0,2018-06-04,0.0,0.0
16,82466.0,SILLA CON BRAZOS FORJA HELENE,2018-06-05,107.27,2.0
301,82466.0,0,2018-06-06,0.0,0.0
302,82466.0,0,2018-06-07,0.0,0.0
303,82466.0,0,2018-06-08,0.0,0.0
304,82466.0,0,2018-06-09,0.0,0.0
305,82466.0,0,2018-06-10,0.0,0.0
17,82466.0,SILLA CON BRAZOS FORJA HELENE,2018-06-11,96.55,2.0
306,82466.0,0,2018-06-12,0.0,0.0
307,82466.0,0,2018-06-13,0.0,0.0
308,82466.0,0,2018-06-14,0.0,0.0
18,82466.0,SILLA CON BRAZOS FORJA HELENE,2018-06-15,160.91,3.0
19,82466.0,SILLA CON BRAZOS FORJA HELENE,2018-06-16,214.55,4.0
309,82466.0,0,2018-06-17,0.0,0.0
310,82466.0,0,2018-06-18,0.0,0.0
311,82466.0,0,2018-06-19,0.0,0.0
312,82466.0,0,2018-06-20,0.0,0.0
313,82466.0,0,2018-06-21,0.0,0.0
314,82466.0,0,2018-06-22,0.0,0.0
315,82466.0,0,2018-06-23,0.0,0.0
316,82466.0,0,2018-06-24,0.0,0.0
317,82466.0,0,2018-06-25,0.0,0.0
318,82466.0,0,2018-06-26,0.0,0.0
319,82466.0,0,2018-06-27,0.0,0.0
320,82466.0,0,2018-06-28,0.0,0.0
321,82466.0,0,2018-06-29,0.0,0.0
322,82466.0,0,2018-06-30,0.0,0.0
323,82466.0,0,2018-07-01,0.0,0.0
324,82466.0,0,2018-07-02,0.0,0.0
325,82466.0,0,2018-07-03,0.0,0.0
326,82466.0,0,2018-07-04,0.0,0.0
327,82466.0,0,2018-07-05,0.0,0.0
328,82466.0,0,2018-07-06,0.0,0.0
329,82466.0,0,2018-07-07,0.0,0.0
330,82466.0,0,2018-07-08,0.0,0.0
20,82466.0,SILLA CON BRAZOS FORJA HELENE,2018-07-09,0.0,8.0
331,82466.0,0,2018-07-10,0.0,0.0
332,82466.0,0,2018-07-11,0.0,0.0
21,82466.0,SILLA CON BRAZOS FORJA HELENE,2018-07-12,107.27,2.0
333,82466.0,0,2018-07-13,0.0,0.0
334,82466.0,0,2018-07-14,0.0,0.0
335,82466.0,0,2018-07-15,0.0,0.0
336,82466.0,0,2018-07-16,0.0,0.0
337,82466.0,0,2018-07-17,0.0,0.0
338,82466.0,0,2018-07-18,0.0,0.0
339,82466.0,0,2018-07-19,0.0,0.0
340,82466.0,0,2018-07-20,0.0,0.0
22,82466.0,SILLA CON BRAZOS FORJA HELENE,2018-07-21,214.54,4.0
341,82466.0,0,2018-07-22,0.0,0.0
342,82466.0,0,2018-07-23,0.0,0.0
343,82466.0,0,2018-07-24,0.0,0.0
344,82466.0,0,2018-07-25,0.0,0.0
23,82466.0,SILLA CON BRAZOS FORJA HELENE,2018-07-26,107.27,2.0
345,82466.0,0,2018-07-27,0.0,0.0
346,82466.0,0,2018-07-28,0.0,0.0
347,82466.0,0,2018-07-29,0.0,0.0
348,82466.0,0,2018-07-30,0.0,0.0
24,82466.0,SILLA CON BRAZOS FORJA HELENE,2018-07-31,0.0,4.0
349,82466.0,0,2018-08-01,0.0,0.0
350,82466.0,0,2018-08-02,0.0,0.0
351,82466.0,0,2018-08-03,0.0,0.0
352,82466.0,0,2018-08-04,0.0,0.0
25,82466.0,SILLA CON BRAZOS FORJA HELENE,2018-08-05,107.27,2.0
353,82466.0,0,2018-08-06,0.0,0.0
354,82466.0,0,2018-08-07,0.0,0.0
26,82466.0,SILLA CON BRAZOS FORJA HELENE,2018-08-08,107.27,2.0
27,82466.0,SILLA CON BRAZOS FORJA HELENE,2018-08-09,321.82,6.0
355,82466.0,0,2018-08-10,0.0,0.0
356,82466.0,0,2018-08-11,0.0,0.0
28,82466.0,SILLA CON BRAZOS FORJA HELENE,2018-08-12,107.27,2.0
357,82466.0,0,2018-08-13,0.0,0.0
29,82466.0,SILLA CON BRAZOS FORJA HELENE,2018-08-14,193.09,4.0
358,82466.0,0,2018-08-15,0.0,0.0
359,82466.0,0,2018-08-16,0.0,0.0
360,82466.0,0,2018-08-17,0.0,0.0
361,82466.0,0,2018-08-18,0.0,0.0
362,82466.0,0,2018-08-19,0.0,0.0
363,82466.0,0,2018-08-20,0.0,0.0
364,82466.0,0,2018-08-21,0.0,0.0
365,82466.0,0,2018-08-22,0.0,0.0
366,82466.0,0,2018-08-23,0.0,0.0
367,82466.0,0,2018-08-24,0.0,0.0
30,82466.0,SILLA CON BRAZOS FORJA HELENE,2018-08-25,214.55,4.0
368,82466.0,0,2018-08-26,0.0,0.0
369,82466.0,0,2018-08-27,0.0,0.0
370,82466.0,0,2018-08-28,0.0,0.0
31,82466.0,SILLA CON BRAZOS FORJA HELENE,2018-08-29,321.82,6.0
371,82466.0,0,2018-08-30,0.0,0.0
372,82466.0,0,2018-08-31,0.0,0.0
373,82466.0,0,2018-09-01,0.0,0.0
374,82466.0,0,2018-09-02,0.0,0.0
32,82466.0,SILLA CON BRAZOS FORJA HELENE,2018-09-03,1072.73,20.0
33,82466.0,SILLA CON BRAZOS FORJA HELENE,2018-09-04,0.0,4.0
375,82466.0,0,2018-09-05,0.0,0.0
376,82466.0,0,2018-09-06,0.0,0.0
377,82466.0,0,2018-09-07,0.0,0.0
378,82466.0,0,2018-09-08,0.0,0.0
379,82466.0,0,2018-09-09,0.0,0.0
380,82466.0,0,2018-09-10,0.0,0.0
381,82466.0,0,2018-09-11,0.0,0.0
382,82466.0,0,2018-09-12,0.0,0.0
383,82466.0,0,2018-09-13,0.0,0.0
384,82466.0,0,2018-09-14,0.0,0.0
34,82466.0,SILLA CON BRAZOS FORJA HELENE,2018-09-15,214.55,4.0
385,82466.0,0,2018-09-16,0.0,0.0
386,82466.0,0,2018-09-17,0.0,0.0
387,82466.0,0,2018-09-18,0.0,0.0
388,82466.0,0,2018-09-19,0.0,0.0
389,82466.0,0,2018-09-20,0.0,0.0
390,82466.0,0,2018-09-21,0.0,0.0
391,82466.0,0,2018-09-22,0.0,0.0
392,82466.0,0,2018-09-23,0.0,0.0
393,82466.0,0,2018-09-24,0.0,0.0
35,82466.0,SILLA CON BRAZOS FORJA HELENE,2018-09-25,214.54,8.0
394,82466.0,0,2018-09-26,0.0,0.0
395,82466.0,0,2018-09-27,0.0,0.0
396,82466.0,0,2018-09-28,0.0,0.0
397,82466.0,0,2018-09-29,0.0,0.0
398,82466.0,0,2018-09-30,0.0,0.0
399,82466.0,0,2018-10-01,0.0,0.0
400,82466.0,0,2018-10-02,0.0,0.0
401,82466.0,0,2018-10-03,0.0,0.0
402,82466.0,0,2018-10-04,0.0,0.0
403,82466.0,0,2018-10-05,0.0,0.0
404,82466.0,0,2018-10-06,0.0,0.0
405,82466.0,0,2018-10-07,0.0,0.0
406,82466.0,0,2018-10-08,0.0,0.0
407,82466.0,0,2018-10-09,0.0,0.0
408,82466.0,0,2018-10-10,0.0,0.0
409,82466.0,0,2018-10-11,0.0,0.0
410,82466.0,0,2018-10-12,0.0,0.0
411,82466.0,0,2018-10-13,0.0,0.0
412,82466.0,0,2018-10-14,0.0,0.0
413,82466.0,0,2018-10-15,0.0,0.0
414,82466.0,0,2018-10-16,0.0,0.0
415,82466.0,0,2018-10-17,0.0,0.0
416,82466.0,0,2018-10-18,0.0,0.0
417,82466.0,0,2018-10-19,0.0,0.0
418,82466.0,0,2018-10-20,0.0,0.0
419,82466.0,0,2018-10-21,0.0,0.0
420,82466.0,0,2018-10-22,0.0,0.0
421,82466.0,0,2018-10-23,0.0,0.0
422,82466.0,0,2018-10-24,0.0,0.0
36,82466.0,SILLA CON BRAZOS FORJA HELENE,2018-10-25,53.64,1.0
423,82466.0,0,2018-10-26,0.0,0.0
424,82466.0,0,2018-10-27,0.0,0.0
425,82466.0,0,2018-10-28,0.0,0.0
426,82466.0,0,2018-10-29,0.0,0.0
427,82466.0,0,2018-10-30,0.0,0.0
428,82466.0,0,2018-10-31,0.0,0.0
429,82466.0,0,2018-11-01,0.0,0.0
430,82466.0,0,2018-11-02,0.0,0.0
431,82466.0,0,2018-11-03,0.0,0.0
432,82466.0,0,2018-11-04,0.0,0.0
433,82466.0,0,2018-11-05,0.0,0.0
434,82466.0,0,2018-11-06,0.0,0.0
435,82466.0,0,2018-11-07,0.0,0.0
436,82466.0,0,2018-11-08,0.0,0.0
437,82466.0,0,2018-11-09,0.0,0.0
438,82466.0,0,2018-11-10,0.0,0.0
439,82466.0,0,2018-11-11,0.0,0.0
440,82466.0,0,2018-11-12,0.0,0.0
441,82466.0,0,2018-11-13,0.0,0.0
442,82466.0,0,2018-11-14,0.0,0.0
443,82466.0,0,2018-11-15,0.0,0.0
444,82466.0,0,2018-11-16,0.0,0.0
445,82466.0,0,2018-11-17,0.0,0.0
446,82466.0,0,2018-11-18,0.0,0.0
447,82466.0,0,2018-11-19,0.0,0.0
448,82466.0,0,2018-11-20,0.0,0.0
449,82466.0,0,2018-11-21,0.0,0.0
450,82466.0,0,2018-11-22,0.0,0.0
451,82466.0,0,2018-11-23,0.0,0.0
452,82466.0,0,2018-11-24,0.0,0.0
453,82466.0,0,2018-11-25,0.0,0.0
454,82466.0,0,2018-11-26,0.0,0.0
455,82466.0,0,2018-11-27,0.0,0.0
456,82466.0,0,2018-11-28,0.0,0.0
457,82466.0,0,2018-11-29,0.0,0.0
458,82466.0,0,2018-11-30,0.0,0.0
459,82466.0,0,2018-12-01,0.0,0.0
460,82466.0,0,2018-12-02,0.0,0.0
461,82466.0,0,2018-12-03,0.0,0.0
462,82466.0,0,2018-12-04,0.0,0.0
463,82466.0,0,2018-12-05,0.0,0.0
464,82466.0,0,2018-12-06,0.0,0.0
465,82466.0,0,2018-12-07,0.0,0.0
466,82466.0,0,2018-12-08,0.0,0.0
467,82466.0,0,2018-12-09,0.0,0.0
468,82466.0,0,2018-12-10,0.0,0.0
469,82466.0,0,2018-12-11,0.0,0.0
470,82466.0,0,2018-12-12,0.0,0.0
471,82466.0,0,2018-12-13,0.0,0.0
472,82466.0,0,2018-12-14,0.0,0.0
473,82466.0,0,2018-12-15,0.0,0.0
474,82466.0,0,2018-12-16,0.0,0.0
475,82466.0,0,2018-12-17,0.0,0.0
476,82466.0,0,2018-12-18,0.0,0.0
477,82466.0,0,2018-12-19,0.0,0.0
478,82466.0,0,2018-12-20,0.0,0.0
479,82466.0,0,2018-12-21,0.0,0.0
480,82466.0,0,2018-12-22,0.0,0.0
481,82466.0,0,2018-12-23,0.0,0.0
482,82466.0,0,2018-12-24,0.0,0.0
483,82466.0,0,2018-12-25,0.0,0.0
484,82466.0,0,2018-12-26,0.0,0.0
485,82466.0,0,2018-12-27,0.0,0.0
486,82466.0,0,2018-12-28,0.0,0.0
487,82466.0,0,2018-12-29,0.0,0.0
488,82466.0,0,2018-12-30,0.0,0.0
489,82466.0,0,2018-12-31,0.0,0.0
490,82466.0,0,2019-01-01,0.0,0.0
491,82466.0,0,2019-01-02,0.0,0.0
492,82466.0,0,2019-01-03,0.0,0.0
493,82466.0,0,2019-01-04,0.0,0.0
494,82466.0,0,2019-01-05,0.0,0.0
495,82466.0,0,2019-01-06,0.0,0.0
496,82466.0,0,2019-01-07,0.0,0.0
497,82466.0,0,2019-01-08,0.0,0.0
498,82466.0,0,2019-01-09,0.0,0.0
499,82466.0,0,2019-01-10,0.0,0.0
37,82466.0,SILLA CON BRAZOS FORJA HELENE,2019-01-11,193.06,4.0
500,82466.0,0,2019-01-12,0.0,0.0
501,82466.0,0,2019-01-13,0.0,0.0
502,82466.0,0,2019-01-14,0.0,0.0
503,82466.0,0,2019-01-15,0.0,0.0
504,82466.0,0,2019-01-16,0.0,0.0
505,82466.0,0,2019-01-17,0.0,0.0
506,82466.0,0,2019-01-18,0.0,0.0
507,82466.0,0,2019-01-19,0.0,0.0
508,82466.0,0,2019-01-20,0.0,0.0
509,82466.0,0,2019-01-21,0.0,0.0
510,82466.0,0,2019-01-22,0.0,0.0
511,82466.0,0,2019-01-23,0.0,0.0
512,82466.0,0,2019-01-24,0.0,0.0
513,82466.0,0,2019-01-25,0.0,0.0
514,82466.0,0,2019-01-26,0.0,0.0
515,82466.0,0,2019-01-27,0.0,0.0
516,82466.0,0,2019-01-28,0.0,0.0
517,82466.0,0,2019-01-29,0.0,0.0
518,82466.0,0,2019-01-30,0.0,0.0
519,82466.0,0,2019-01-31,0.0,0.0
520,82466.0,0,2019-02-01,0.0,0.0
521,82466.0,0,2019-02-02,0.0,0.0
522,82466.0,0,2019-02-03,0.0,0.0
523,82466.0,0,2019-02-04,0.0,0.0
524,82466.0,0,2019-02-05,0.0,0.0
525,82466.0,0,2019-02-06,0.0,0.0
526,82466.0,0,2019-02-07,0.0,0.0
527,82466.0,0,2019-02-08,0.0,0.0
528,82466.0,0,2019-02-09,0.0,0.0
529,82466.0,0,2019-02-10,0.0,0.0
530,82466.0,0,2019-02-11,0.0,0.0
531,82466.0,0,2019-02-12,0.0,0.0
532,82466.0,0,2019-02-13,0.0,0.0
533,82466.0,0,2019-02-14,0.0,0.0
534,82466.0,0,2019-02-15,0.0,0.0
535,82466.0,0,2019-02-16,0.0,0.0
536,82466.0,0,2019-02-17,0.0,0.0
537,82466.0,0,2019-02-18,0.0,0.0
538,82466.0,0,2019-02-19,0.0,0.0
539,82466.0,0,2019-02-20,0.0,0.0
540,82466.0,0,2019-02-21,0.0,0.0
541,82466.0,0,2019-02-22,0.0,0.0
542,82466.0,0,2019-02-23,0.0,0.0
38,82466.0,SILLA CON BRAZOS FORJA HELENE,2019-02-24,182.48,4.0
543,82466.0,0,2019-02-25,0.0,0.0
544,82466.0,0,2019-02-26,0.0,0.0
545,82466.0,0,2019-02-27,0.0,0.0
546,82466.0,0,2019-02-28,0.0,0.0
547,82466.0,0,2019-03-01,0.0,0.0
548,82466.0,0,2019-03-02,0.0,0.0
549,82466.0,0,2019-03-03,0.0,0.0
550,82466.0,0,2019-03-04,0.0,0.0
551,82466.0,0,2019-03-05,0.0,0.0
552,82466.0,0,2019-03-06,0.0,0.0
553,82466.0,0,2019-03-07,0.0,0.0
554,82466.0,0,2019-03-08,0.0,0.0
555,82466.0,0,2019-03-09,0.0,0.0
556,82466.0,0,2019-03-10,0.0,0.0
557,82466.0,0,2019-03-11,0.0,0.0
558,82466.0,0,2019-03-12,0.0,0.0
559,82466.0,0,2019-03-13,0.0,0.0
560,82466.0,0,2019-03-14,0.0,0.0
561,82466.0,0,2019-03-15,0.0,0.0
562,82466.0,0,2019-03-16,0.0,0.0
39,82466.0,SILLA CON BRAZOS FORJA HELENE,2019-03-17,0.0,4.0
40,82466.0,SILLA CON BRAZOS FORJA HELENE,2019-03-18,214.55,4.0
563,82466.0,0,2019-03-19,0.0,0.0
564,82466.0,0,2019-03-20,0.0,0.0
565,82466.0,0,2019-03-21,0.0,0.0
566,82466.0,0,2019-03-22,0.0,0.0
567,82466.0,0,2019-03-23,0.0,0.0
568,82466.0,0,2019-03-24,0.0,0.0
569,82466.0,0,2019-03-25,0.0,0.0
570,82466.0,0,2019-03-26,0.0,0.0
571,82466.0,0,2019-03-27,0.0,0.0
572,82466.0,0,2019-03-28,0.0,0.0
573,82466.0,0,2019-03-29,0.0,0.0
574,82466.0,0,2019-03-30,0.0,0.0
575,82466.0,0,2019-03-31,0.0,0.0
