,Reference,Name,Dates,Net_Incomes,Units_Sold
0,89062.0,ALFOMBRA NATURAL BAMBÚ,2017-09-02,61.07,1.0
93,89062.0,0,2017-09-03,0.0,0.0
94,89062.0,0,2017-09-04,0.0,0.0
95,89062.0,0,2017-09-05,0.0,0.0
96,89062.0,0,2017-09-06,0.0,0.0
1,89062.0,ALFOMBRA NATURAL BAMBÚ,2017-09-07,61.07,1.0
97,89062.0,0,2017-09-08,0.0,0.0
98,89062.0,0,2017-09-09,0.0,0.0
2,89062.0,ALFOMBRA NATURAL BAMBÚ,2017-09-10,61.07,1.0
99,89062.0,0,2017-09-11,0.0,0.0
100,89062.0,0,2017-09-12,0.0,0.0
101,89062.0,0,2017-09-13,0.0,0.0
102,89062.0,0,2017-09-14,0.0,0.0
103,89062.0,0,2017-09-15,0.0,0.0
104,89062.0,0,2017-09-16,0.0,0.0
3,89062.0,ALFOMBRA NATURAL BAMBÚ,2017-09-17,71.82,1.0
105,89062.0,0,2017-09-18,0.0,0.0
106,89062.0,0,2017-09-19,0.0,0.0
107,89062.0,0,2017-09-20,0.0,0.0
108,89062.0,0,2017-09-21,0.0,0.0
109,89062.0,0,2017-09-22,0.0,0.0
110,89062.0,0,2017-09-23,0.0,0.0
111,89062.0,0,2017-09-24,0.0,0.0
112,89062.0,0,2017-09-25,0.0,0.0
4,89062.0,ALFOMBRA NATURAL BAMBÚ,2017-09-26,61.04,1.0
113,89062.0,0,2017-09-27,0.0,0.0
114,89062.0,0,2017-09-28,0.0,0.0
115,89062.0,0,2017-09-29,0.0,0.0
116,89062.0,0,2017-09-30,0.0,0.0
117,89062.0,0,2017-10-01,0.0,0.0
5,89062.0,ALFOMBRA NATURAL BAMBÚ,2017-10-02,71.82,1.0
118,89062.0,0,2017-10-03,0.0,0.0
119,89062.0,0,2017-10-04,0.0,0.0
120,89062.0,0,2017-10-05,0.0,0.0
121,89062.0,0,2017-10-06,0.0,0.0
122,89062.0,0,2017-10-07,0.0,0.0
6,89062.0,ALFOMBRA NATURAL BAMBÚ,2017-10-08,71.82,1.0
123,89062.0,0,2017-10-09,0.0,0.0
124,89062.0,0,2017-10-10,0.0,0.0
125,89062.0,0,2017-10-11,0.0,0.0
126,89062.0,0,2017-10-12,0.0,0.0
127,89062.0,0,2017-10-13,0.0,0.0
128,89062.0,0,2017-10-14,0.0,0.0
129,89062.0,0,2017-10-15,0.0,0.0
130,89062.0,0,2017-10-16,0.0,0.0
131,89062.0,0,2017-10-17,0.0,0.0
132,89062.0,0,2017-10-18,0.0,0.0
133,89062.0,0,2017-10-19,0.0,0.0
134,89062.0,0,2017-10-20,0.0,0.0
135,89062.0,0,2017-10-21,0.0,0.0
136,89062.0,0,2017-10-22,0.0,0.0
137,89062.0,0,2017-10-23,0.0,0.0
138,89062.0,0,2017-10-24,0.0,0.0
139,89062.0,0,2017-10-25,0.0,0.0
140,89062.0,0,2017-10-26,0.0,0.0
141,89062.0,0,2017-10-27,0.0,0.0
142,89062.0,0,2017-10-28,0.0,0.0
143,89062.0,0,2017-10-29,0.0,0.0
144,89062.0,0,2017-10-30,0.0,0.0
145,89062.0,0,2017-10-31,0.0,0.0
146,89062.0,0,2017-11-01,0.0,0.0
147,89062.0,0,2017-11-02,0.0,0.0
148,89062.0,0,2017-11-03,0.0,0.0
149,89062.0,0,2017-11-04,0.0,0.0
150,89062.0,0,2017-11-05,0.0,0.0
7,89062.0,ALFOMBRA NATURAL BAMBÚ,2017-11-06,71.82,1.0
151,89062.0,0,2017-11-07,0.0,0.0
152,89062.0,0,2017-11-08,0.0,0.0
153,89062.0,0,2017-11-09,0.0,0.0
8,89062.0,ALFOMBRA NATURAL BAMBÚ,2017-11-10,61.04,1.0
154,89062.0,0,2017-11-11,0.0,0.0
155,89062.0,0,2017-11-12,0.0,0.0
9,89062.0,ALFOMBRA NATURAL BAMBÚ,2017-11-13,122.08,2.0
156,89062.0,0,2017-11-14,0.0,0.0
157,89062.0,0,2017-11-15,0.0,0.0
10,89062.0,ALFOMBRA NATURAL BAMBÚ,2017-11-16,61.04,1.0
158,89062.0,0,2017-11-17,0.0,0.0
11,89062.0,ALFOMBRA NATURAL BAMBÚ,2017-11-18,61.04,1.0
159,89062.0,0,2017-11-19,0.0,0.0
12,89062.0,ALFOMBRA NATURAL BAMBÚ,2017-11-20,61.04,1.0
160,89062.0,0,2017-11-21,0.0,0.0
161,89062.0,0,2017-11-22,0.0,0.0
162,89062.0,0,2017-11-23,0.0,0.0
13,89062.0,ALFOMBRA NATURAL BAMBÚ,2017-11-24,61.04,1.0
14,89062.0,ALFOMBRA NATURAL BAMBÚ,2017-11-25,143.64,2.0
15,89062.0,ALFOMBRA NATURAL BAMBÚ,2017-11-26,61.04,1.0
163,89062.0,0,2017-11-27,0.0,0.0
164,89062.0,0,2017-11-28,0.0,0.0
165,89062.0,0,2017-11-29,0.0,0.0
166,89062.0,0,2017-11-30,0.0,0.0
167,89062.0,0,2017-12-01,0.0,0.0
168,89062.0,0,2017-12-02,0.0,0.0
169,89062.0,0,2017-12-03,0.0,0.0
16,89062.0,ALFOMBRA NATURAL BAMBÚ,2017-12-04,71.82,1.0
170,89062.0,0,2017-12-05,0.0,0.0
171,89062.0,0,2017-12-06,0.0,0.0
172,89062.0,0,2017-12-07,0.0,0.0
173,89062.0,0,2017-12-08,0.0,0.0
174,89062.0,0,2017-12-09,0.0,0.0
175,89062.0,0,2017-12-10,0.0,0.0
176,89062.0,0,2017-12-11,0.0,0.0
177,89062.0,0,2017-12-12,0.0,0.0
178,89062.0,0,2017-12-13,0.0,0.0
179,89062.0,0,2017-12-14,0.0,0.0
17,89062.0,ALFOMBRA NATURAL BAMBÚ,2017-12-15,71.82,1.0
180,89062.0,0,2017-12-16,0.0,0.0
181,89062.0,0,2017-12-17,0.0,0.0
182,89062.0,0,2017-12-18,0.0,0.0
183,89062.0,0,2017-12-19,0.0,0.0
184,89062.0,0,2017-12-20,0.0,0.0
18,89062.0,ALFOMBRA NATURAL BAMBÚ,2017-12-21,132.86,2.0
185,89062.0,0,2017-12-22,0.0,0.0
186,89062.0,0,2017-12-23,0.0,0.0
19,89062.0,ALFOMBRA NATURAL BAMBÚ,2017-12-24,71.82,1.0
187,89062.0,0,2017-12-25,0.0,0.0
188,89062.0,0,2017-12-26,0.0,0.0
20,89062.0,ALFOMBRA NATURAL BAMBÚ,2017-12-27,71.82,1.0
189,89062.0,0,2017-12-28,0.0,0.0
21,89062.0,ALFOMBRA NATURAL BAMBÚ,2017-12-29,71.82,1.0
190,89062.0,0,2017-12-30,0.0,0.0
191,89062.0,0,2017-12-31,0.0,0.0
192,89062.0,0,2018-01-01,0.0,0.0
193,89062.0,0,2018-01-02,0.0,0.0
194,89062.0,0,2018-01-03,0.0,0.0
195,89062.0,0,2018-01-04,0.0,0.0
196,89062.0,0,2018-01-05,0.0,0.0
197,89062.0,0,2018-01-06,0.0,0.0
198,89062.0,0,2018-01-07,0.0,0.0
199,89062.0,0,2018-01-08,0.0,0.0
200,89062.0,0,2018-01-09,0.0,0.0
22,89062.0,ALFOMBRA NATURAL BAMBÚ,2018-01-10,57.44,1.0
201,89062.0,0,2018-01-11,0.0,0.0
202,89062.0,0,2018-01-12,0.0,0.0
23,89062.0,ALFOMBRA NATURAL BAMBÚ,2018-01-13,57.44,1.0
24,89062.0,ALFOMBRA NATURAL BAMBÚ,2018-01-14,57.44,1.0
203,89062.0,0,2018-01-15,0.0,0.0
204,89062.0,0,2018-01-16,0.0,0.0
25,89062.0,ALFOMBRA NATURAL BAMBÚ,2018-01-17,114.88,2.0
205,89062.0,0,2018-01-18,0.0,0.0
206,89062.0,0,2018-01-19,0.0,0.0
207,89062.0,0,2018-01-20,0.0,0.0
208,89062.0,0,2018-01-21,0.0,0.0
209,89062.0,0,2018-01-22,0.0,0.0
210,89062.0,0,2018-01-23,0.0,0.0
211,89062.0,0,2018-01-24,0.0,0.0
26,89062.0,ALFOMBRA NATURAL BAMBÚ,2018-01-25,172.31,3.0
27,89062.0,ALFOMBRA NATURAL BAMBÚ,2018-01-26,57.44,1.0
212,89062.0,0,2018-01-27,0.0,0.0
213,89062.0,0,2018-01-28,0.0,0.0
214,89062.0,0,2018-01-29,0.0,0.0
215,89062.0,0,2018-01-30,0.0,0.0
28,89062.0,ALFOMBRA NATURAL BAMBÚ,2018-01-31,57.44,1.0
216,89062.0,0,2018-02-01,0.0,0.0
217,89062.0,0,2018-02-02,0.0,0.0
29,89062.0,ALFOMBRA NATURAL BAMBÚ,2018-02-03,57.44,1.0
218,89062.0,0,2018-02-04,0.0,0.0
219,89062.0,0,2018-02-05,0.0,0.0
220,89062.0,0,2018-02-06,0.0,0.0
221,89062.0,0,2018-02-07,0.0,0.0
222,89062.0,0,2018-02-08,0.0,0.0
223,89062.0,0,2018-02-09,0.0,0.0
224,89062.0,0,2018-02-10,0.0,0.0
30,89062.0,ALFOMBRA NATURAL BAMBÚ,2018-02-11,53.88,1.0
225,89062.0,0,2018-02-12,0.0,0.0
31,89062.0,ALFOMBRA NATURAL BAMBÚ,2018-02-13,53.88,1.0
226,89062.0,0,2018-02-14,0.0,0.0
227,89062.0,0,2018-02-15,0.0,0.0
32,89062.0,ALFOMBRA NATURAL BAMBÚ,2018-02-16,53.88,1.0
228,89062.0,0,2018-02-17,0.0,0.0
229,89062.0,0,2018-02-18,0.0,0.0
230,89062.0,0,2018-02-19,0.0,0.0
231,89062.0,0,2018-02-20,0.0,0.0
232,89062.0,0,2018-02-21,0.0,0.0
233,89062.0,0,2018-02-22,0.0,0.0
234,89062.0,0,2018-02-23,0.0,0.0
235,89062.0,0,2018-02-24,0.0,0.0
236,89062.0,0,2018-02-25,0.0,0.0
237,89062.0,0,2018-02-26,0.0,0.0
238,89062.0,0,2018-02-27,0.0,0.0
33,89062.0,ALFOMBRA NATURAL BAMBÚ,2018-02-28,71.82,1.0
239,89062.0,0,2018-03-01,0.0,0.0
240,89062.0,0,2018-03-02,0.0,0.0
34,89062.0,ALFOMBRA NATURAL BAMBÚ,2018-03-03,71.82,1.0
241,89062.0,0,2018-03-04,0.0,0.0
242,89062.0,0,2018-03-05,0.0,0.0
243,89062.0,0,2018-03-06,0.0,0.0
244,89062.0,0,2018-03-07,0.0,0.0
35,89062.0,ALFOMBRA NATURAL BAMBÚ,2018-03-08,71.82,1.0
245,89062.0,0,2018-03-09,0.0,0.0
246,89062.0,0,2018-03-10,0.0,0.0
247,89062.0,0,2018-03-11,0.0,0.0
248,89062.0,0,2018-03-12,0.0,0.0
249,89062.0,0,2018-03-13,0.0,0.0
250,89062.0,0,2018-03-14,0.0,0.0
251,89062.0,0,2018-03-15,0.0,0.0
252,89062.0,0,2018-03-16,0.0,0.0
253,89062.0,0,2018-03-17,0.0,0.0
254,89062.0,0,2018-03-18,0.0,0.0
255,89062.0,0,2018-03-19,0.0,0.0
36,89062.0,ALFOMBRA NATURAL BAMBÚ,2018-03-20,71.82,1.0
256,89062.0,0,2018-03-21,0.0,0.0
257,89062.0,0,2018-03-22,0.0,0.0
258,89062.0,0,2018-03-23,0.0,0.0
259,89062.0,0,2018-03-24,0.0,0.0
37,89062.0,ALFOMBRA NATURAL BAMBÚ,2018-03-25,71.82,1.0
260,89062.0,0,2018-03-26,0.0,0.0
38,89062.0,ALFOMBRA NATURAL BAMBÚ,2018-03-27,143.64,2.0
261,89062.0,0,2018-03-28,0.0,0.0
262,89062.0,0,2018-03-29,0.0,0.0
263,89062.0,0,2018-03-30,0.0,0.0
264,89062.0,0,2018-03-31,0.0,0.0
265,89062.0,0,2018-04-01,0.0,0.0
266,89062.0,0,2018-04-02,0.0,0.0
267,89062.0,0,2018-04-03,0.0,0.0
268,89062.0,0,2018-04-04,0.0,0.0
269,89062.0,0,2018-04-05,0.0,0.0
270,89062.0,0,2018-04-06,0.0,0.0
271,89062.0,0,2018-04-07,0.0,0.0
272,89062.0,0,2018-04-08,0.0,0.0
273,89062.0,0,2018-04-09,0.0,0.0
39,89062.0,ALFOMBRA NATURAL BAMBÚ,2018-04-10,71.82,1.0
274,89062.0,0,2018-04-11,0.0,0.0
275,89062.0,0,2018-04-12,0.0,0.0
276,89062.0,0,2018-04-13,0.0,0.0
40,89062.0,ALFOMBRA NATURAL BAMBÚ,2018-04-14,71.82,1.0
277,89062.0,0,2018-04-15,0.0,0.0
278,89062.0,0,2018-04-16,0.0,0.0
41,89062.0,ALFOMBRA NATURAL BAMBÚ,2018-04-17,143.64,2.0
279,89062.0,0,2018-04-18,0.0,0.0
280,89062.0,0,2018-04-19,0.0,0.0
281,89062.0,0,2018-04-20,0.0,0.0
282,89062.0,0,2018-04-21,0.0,0.0
283,89062.0,0,2018-04-22,0.0,0.0
284,89062.0,0,2018-04-23,0.0,0.0
285,89062.0,0,2018-04-24,0.0,0.0
42,89062.0,ALFOMBRA NATURAL BAMBÚ,2018-04-25,71.82,1.0
286,89062.0,0,2018-04-26,0.0,0.0
287,89062.0,0,2018-04-27,0.0,0.0
288,89062.0,0,2018-04-28,0.0,0.0
289,89062.0,0,2018-04-29,0.0,0.0
290,89062.0,0,2018-04-30,0.0,0.0
291,89062.0,0,2018-05-01,0.0,0.0
43,89062.0,ALFOMBRA NATURAL BAMBÚ,2018-05-02,71.82,1.0
292,89062.0,0,2018-05-03,0.0,0.0
293,89062.0,0,2018-05-04,0.0,0.0
294,89062.0,0,2018-05-05,0.0,0.0
295,89062.0,0,2018-05-06,0.0,0.0
296,89062.0,0,2018-05-07,0.0,0.0
297,89062.0,0,2018-05-08,0.0,0.0
298,89062.0,0,2018-05-09,0.0,0.0
299,89062.0,0,2018-05-10,0.0,0.0
300,89062.0,0,2018-05-11,0.0,0.0
301,89062.0,0,2018-05-12,0.0,0.0
302,89062.0,0,2018-05-13,0.0,0.0
303,89062.0,0,2018-05-14,0.0,0.0
304,89062.0,0,2018-05-15,0.0,0.0
305,89062.0,0,2018-05-16,0.0,0.0
306,89062.0,0,2018-05-17,0.0,0.0
307,89062.0,0,2018-05-18,0.0,0.0
308,89062.0,0,2018-05-19,0.0,0.0
309,89062.0,0,2018-05-20,0.0,0.0
310,89062.0,0,2018-05-21,0.0,0.0
311,89062.0,0,2018-05-22,0.0,0.0
44,89062.0,ALFOMBRA NATURAL BAMBÚ,2018-05-23,143.64,2.0
312,89062.0,0,2018-05-24,0.0,0.0
313,89062.0,0,2018-05-25,0.0,0.0
314,89062.0,0,2018-05-26,0.0,0.0
315,89062.0,0,2018-05-27,0.0,0.0
316,89062.0,0,2018-05-28,0.0,0.0
317,89062.0,0,2018-05-29,0.0,0.0
318,89062.0,0,2018-05-30,0.0,0.0
319,89062.0,0,2018-05-31,0.0,0.0
320,89062.0,0,2018-06-01,0.0,0.0
321,89062.0,0,2018-06-02,0.0,0.0
322,89062.0,0,2018-06-03,0.0,0.0
323,89062.0,0,2018-06-04,0.0,0.0
45,89062.0,ALFOMBRA NATURAL BAMBÚ,2018-06-05,71.82,1.0
324,89062.0,0,2018-06-06,0.0,0.0
325,89062.0,0,2018-06-07,0.0,0.0
326,89062.0,0,2018-06-08,0.0,0.0
327,89062.0,0,2018-06-09,0.0,0.0
328,89062.0,0,2018-06-10,0.0,0.0
329,89062.0,0,2018-06-11,0.0,0.0
330,89062.0,0,2018-06-12,0.0,0.0
331,89062.0,0,2018-06-13,0.0,0.0
332,89062.0,0,2018-06-14,0.0,0.0
333,89062.0,0,2018-06-15,0.0,0.0
334,89062.0,0,2018-06-16,0.0,0.0
335,89062.0,0,2018-06-17,0.0,0.0
336,89062.0,0,2018-06-18,0.0,0.0
337,89062.0,0,2018-06-19,0.0,0.0
338,89062.0,0,2018-06-20,0.0,0.0
339,89062.0,0,2018-06-21,0.0,0.0
340,89062.0,0,2018-06-22,0.0,0.0
341,89062.0,0,2018-06-23,0.0,0.0
46,89062.0,ALFOMBRA NATURAL BAMBÚ,2018-06-24,71.82,1.0
342,89062.0,0,2018-06-25,0.0,0.0
343,89062.0,0,2018-06-26,0.0,0.0
344,89062.0,0,2018-06-27,0.0,0.0
345,89062.0,0,2018-06-28,0.0,0.0
346,89062.0,0,2018-06-29,0.0,0.0
347,89062.0,0,2018-06-30,0.0,0.0
348,89062.0,0,2018-07-01,0.0,0.0
47,89062.0,ALFOMBRA NATURAL BAMBÚ,2018-07-02,143.64,2.0
349,89062.0,0,2018-07-03,0.0,0.0
350,89062.0,0,2018-07-04,0.0,0.0
48,89062.0,ALFOMBRA NATURAL BAMBÚ,2018-07-05,143.64,2.0
351,89062.0,0,2018-07-06,0.0,0.0
352,89062.0,0,2018-07-07,0.0,0.0
353,89062.0,0,2018-07-08,0.0,0.0
354,89062.0,0,2018-07-09,0.0,0.0
355,89062.0,0,2018-07-10,0.0,0.0
356,89062.0,0,2018-07-11,0.0,0.0
49,89062.0,ALFOMBRA NATURAL BAMBÚ,2018-07-12,71.82,1.0
357,89062.0,0,2018-07-13,0.0,0.0
358,89062.0,0,2018-07-14,0.0,0.0
359,89062.0,0,2018-07-15,0.0,0.0
360,89062.0,0,2018-07-16,0.0,0.0
361,89062.0,0,2018-07-17,0.0,0.0
362,89062.0,0,2018-07-18,0.0,0.0
363,89062.0,0,2018-07-19,0.0,0.0
50,89062.0,ALFOMBRA NATURAL BAMBÚ,2018-07-20,64.63,1.0
364,89062.0,0,2018-07-21,0.0,0.0
365,89062.0,0,2018-07-22,0.0,0.0
366,89062.0,0,2018-07-23,0.0,0.0
367,89062.0,0,2018-07-24,0.0,0.0
368,89062.0,0,2018-07-25,0.0,0.0
369,89062.0,0,2018-07-26,0.0,0.0
370,89062.0,0,2018-07-27,0.0,0.0
51,89062.0,ALFOMBRA NATURAL BAMBÚ,2018-07-28,71.82,1.0
371,89062.0,0,2018-07-29,0.0,0.0
372,89062.0,0,2018-07-30,0.0,0.0
373,89062.0,0,2018-07-31,0.0,0.0
52,89062.0,ALFOMBRA NATURAL BAMBÚ,2018-08-01,143.64,2.0
374,89062.0,0,2018-08-02,0.0,0.0
53,89062.0,ALFOMBRA NATURAL BAMBÚ,2018-08-03,71.82,1.0
375,89062.0,0,2018-08-04,0.0,0.0
376,89062.0,0,2018-08-05,0.0,0.0
377,89062.0,0,2018-08-06,0.0,0.0
378,89062.0,0,2018-08-07,0.0,0.0
54,89062.0,ALFOMBRA NATURAL BAMBÚ,2018-08-08,64.64,1.0
379,89062.0,0,2018-08-09,0.0,0.0
380,89062.0,0,2018-08-10,0.0,0.0
381,89062.0,0,2018-08-11,0.0,0.0
382,89062.0,0,2018-08-12,0.0,0.0
383,89062.0,0,2018-08-13,0.0,0.0
384,89062.0,0,2018-08-14,0.0,0.0
385,89062.0,0,2018-08-15,0.0,0.0
386,89062.0,0,2018-08-16,0.0,0.0
387,89062.0,0,2018-08-17,0.0,0.0
388,89062.0,0,2018-08-18,0.0,0.0
389,89062.0,0,2018-08-19,0.0,0.0
390,89062.0,0,2018-08-20,0.0,0.0
391,89062.0,0,2018-08-21,0.0,0.0
392,89062.0,0,2018-08-22,0.0,0.0
393,89062.0,0,2018-08-23,0.0,0.0
394,89062.0,0,2018-08-24,0.0,0.0
395,89062.0,0,2018-08-25,0.0,0.0
396,89062.0,0,2018-08-26,0.0,0.0
55,89062.0,ALFOMBRA NATURAL BAMBÚ,2018-08-27,71.82,1.0
397,89062.0,0,2018-08-28,0.0,0.0
398,89062.0,0,2018-08-29,0.0,0.0
56,89062.0,ALFOMBRA NATURAL BAMBÚ,2018-08-30,71.82,1.0
399,89062.0,0,2018-08-31,0.0,0.0
400,89062.0,0,2018-09-01,0.0,0.0
401,89062.0,0,2018-09-02,0.0,0.0
402,89062.0,0,2018-09-03,0.0,0.0
403,89062.0,0,2018-09-04,0.0,0.0
404,89062.0,0,2018-09-05,0.0,0.0
405,89062.0,0,2018-09-06,0.0,0.0
406,89062.0,0,2018-09-07,0.0,0.0
407,89062.0,0,2018-09-08,0.0,0.0
408,89062.0,0,2018-09-09,0.0,0.0
409,89062.0,0,2018-09-10,0.0,0.0
410,89062.0,0,2018-09-11,0.0,0.0
411,89062.0,0,2018-09-12,0.0,0.0
412,89062.0,0,2018-09-13,0.0,0.0
413,89062.0,0,2018-09-14,0.0,0.0
414,89062.0,0,2018-09-15,0.0,0.0
57,89062.0,ALFOMBRA NATURAL BAMBÚ,2018-09-16,71.82,1.0
415,89062.0,0,2018-09-17,0.0,0.0
416,89062.0,0,2018-09-18,0.0,0.0
417,89062.0,0,2018-09-19,0.0,0.0
418,89062.0,0,2018-09-20,0.0,0.0
419,89062.0,0,2018-09-21,0.0,0.0
420,89062.0,0,2018-09-22,0.0,0.0
58,89062.0,ALFOMBRA NATURAL BAMBÚ,2018-09-23,71.82,1.0
421,89062.0,0,2018-09-24,0.0,0.0
422,89062.0,0,2018-09-25,0.0,0.0
423,89062.0,0,2018-09-26,0.0,0.0
424,89062.0,0,2018-09-27,0.0,0.0
425,89062.0,0,2018-09-28,0.0,0.0
426,89062.0,0,2018-09-29,0.0,0.0
427,89062.0,0,2018-09-30,0.0,0.0
428,89062.0,0,2018-10-01,0.0,0.0
59,89062.0,ALFOMBRA NATURAL BAMBÚ,2018-10-02,64.64,1.0
60,89062.0,ALFOMBRA NATURAL BAMBÚ,2018-10-03,64.64,1.0
61,89062.0,ALFOMBRA NATURAL BAMBÚ,2018-10-04,71.82,1.0
429,89062.0,0,2018-10-05,0.0,0.0
430,89062.0,0,2018-10-06,0.0,0.0
431,89062.0,0,2018-10-07,0.0,0.0
432,89062.0,0,2018-10-08,0.0,0.0
433,89062.0,0,2018-10-09,0.0,0.0
434,89062.0,0,2018-10-10,0.0,0.0
435,89062.0,0,2018-10-11,0.0,0.0
436,89062.0,0,2018-10-12,0.0,0.0
437,89062.0,0,2018-10-13,0.0,0.0
438,89062.0,0,2018-10-14,0.0,0.0
439,89062.0,0,2018-10-15,0.0,0.0
440,89062.0,0,2018-10-16,0.0,0.0
62,89062.0,ALFOMBRA NATURAL BAMBÚ,2018-10-17,71.82,1.0
441,89062.0,0,2018-10-18,0.0,0.0
63,89062.0,ALFOMBRA NATURAL BAMBÚ,2018-10-19,287.27,4.0
442,89062.0,0,2018-10-20,0.0,0.0
443,89062.0,0,2018-10-21,0.0,0.0
444,89062.0,0,2018-10-22,0.0,0.0
445,89062.0,0,2018-10-23,0.0,0.0
446,89062.0,0,2018-10-24,0.0,0.0
447,89062.0,0,2018-10-25,0.0,0.0
448,89062.0,0,2018-10-26,0.0,0.0
449,89062.0,0,2018-10-27,0.0,0.0
450,89062.0,0,2018-10-28,0.0,0.0
451,89062.0,0,2018-10-29,0.0,0.0
452,89062.0,0,2018-10-30,0.0,0.0
64,89062.0,ALFOMBRA NATURAL BAMBÚ,2018-10-31,71.82,1.0
453,89062.0,0,2018-11-01,0.0,0.0
454,89062.0,0,2018-11-02,0.0,0.0
455,89062.0,0,2018-11-03,0.0,0.0
456,89062.0,0,2018-11-04,0.0,0.0
457,89062.0,0,2018-11-05,0.0,0.0
458,89062.0,0,2018-11-06,0.0,0.0
459,89062.0,0,2018-11-07,0.0,0.0
65,89062.0,ALFOMBRA NATURAL BAMBÚ,2018-11-08,71.82,1.0
460,89062.0,0,2018-11-09,0.0,0.0
461,89062.0,0,2018-11-10,0.0,0.0
462,89062.0,0,2018-11-11,0.0,0.0
463,89062.0,0,2018-11-12,0.0,0.0
464,89062.0,0,2018-11-13,0.0,0.0
66,89062.0,ALFOMBRA NATURAL BAMBÚ,2018-11-14,64.63,1.0
465,89062.0,0,2018-11-15,0.0,0.0
466,89062.0,0,2018-11-16,0.0,0.0
467,89062.0,0,2018-11-17,0.0,0.0
67,89062.0,ALFOMBRA NATURAL BAMBÚ,2018-11-18,71.82,1.0
468,89062.0,0,2018-11-19,0.0,0.0
469,89062.0,0,2018-11-20,0.0,0.0
68,89062.0,ALFOMBRA NATURAL BAMBÚ,2018-11-21,64.63,1.0
470,89062.0,0,2018-11-22,0.0,0.0
471,89062.0,0,2018-11-23,0.0,0.0
472,89062.0,0,2018-11-24,0.0,0.0
69,89062.0,ALFOMBRA NATURAL BAMBÚ,2018-11-25,64.63,1.0
473,89062.0,0,2018-11-26,0.0,0.0
474,89062.0,0,2018-11-27,0.0,0.0
475,89062.0,0,2018-11-28,0.0,0.0
476,89062.0,0,2018-11-29,0.0,0.0
70,89062.0,ALFOMBRA NATURAL BAMBÚ,2018-11-30,71.82,1.0
477,89062.0,0,2018-12-01,0.0,0.0
478,89062.0,0,2018-12-02,0.0,0.0
479,89062.0,0,2018-12-03,0.0,0.0
480,89062.0,0,2018-12-04,0.0,0.0
481,89062.0,0,2018-12-05,0.0,0.0
482,89062.0,0,2018-12-06,0.0,0.0
483,89062.0,0,2018-12-07,0.0,0.0
484,89062.0,0,2018-12-08,0.0,0.0
485,89062.0,0,2018-12-09,0.0,0.0
486,89062.0,0,2018-12-10,0.0,0.0
487,89062.0,0,2018-12-11,0.0,0.0
488,89062.0,0,2018-12-12,0.0,0.0
489,89062.0,0,2018-12-13,0.0,0.0
490,89062.0,0,2018-12-14,0.0,0.0
491,89062.0,0,2018-12-15,0.0,0.0
492,89062.0,0,2018-12-16,0.0,0.0
493,89062.0,0,2018-12-17,0.0,0.0
494,89062.0,0,2018-12-18,0.0,0.0
495,89062.0,0,2018-12-19,0.0,0.0
496,89062.0,0,2018-12-20,0.0,0.0
497,89062.0,0,2018-12-21,0.0,0.0
71,89062.0,ALFOMBRA NATURAL BAMBÚ,2018-12-22,71.82,1.0
72,89062.0,ALFOMBRA NATURAL BAMBÚ,2018-12-23,71.82,1.0
498,89062.0,0,2018-12-24,0.0,0.0
499,89062.0,0,2018-12-25,0.0,0.0
73,89062.0,ALFOMBRA NATURAL BAMBÚ,2018-12-26,64.64,1.0
500,89062.0,0,2018-12-27,0.0,0.0
501,89062.0,0,2018-12-28,0.0,0.0
502,89062.0,0,2018-12-29,0.0,0.0
503,89062.0,0,2018-12-30,0.0,0.0
504,89062.0,0,2018-12-31,0.0,0.0
505,89062.0,0,2019-01-01,0.0,0.0
74,89062.0,ALFOMBRA NATURAL BAMBÚ,2019-01-02,71.82,1.0
506,89062.0,0,2019-01-03,0.0,0.0
507,89062.0,0,2019-01-04,0.0,0.0
508,89062.0,0,2019-01-05,0.0,0.0
509,89062.0,0,2019-01-06,0.0,0.0
75,89062.0,ALFOMBRA NATURAL BAMBÚ,2019-01-07,64.63,1.0
510,89062.0,0,2019-01-08,0.0,0.0
76,89062.0,ALFOMBRA NATURAL BAMBÚ,2019-01-09,64.63,1.0
511,89062.0,0,2019-01-10,0.0,0.0
512,89062.0,0,2019-01-11,0.0,0.0
513,89062.0,0,2019-01-12,0.0,0.0
77,89062.0,ALFOMBRA NATURAL BAMBÚ,2019-01-13,64.63,1.0
514,89062.0,0,2019-01-14,0.0,0.0
78,89062.0,ALFOMBRA NATURAL BAMBÚ,2019-01-15,64.63,1.0
79,89062.0,ALFOMBRA NATURAL BAMBÚ,2019-01-16,64.63,1.0
515,89062.0,0,2019-01-17,0.0,0.0
516,89062.0,0,2019-01-18,0.0,0.0
80,89062.0,ALFOMBRA NATURAL BAMBÚ,2019-01-19,64.63,1.0
517,89062.0,0,2019-01-20,0.0,0.0
81,89062.0,ALFOMBRA NATURAL BAMBÚ,2019-01-21,64.63,1.0
518,89062.0,0,2019-01-22,0.0,0.0
82,89062.0,ALFOMBRA NATURAL BAMBÚ,2019-01-23,129.25,2.0
519,89062.0,0,2019-01-24,0.0,0.0
520,89062.0,0,2019-01-25,0.0,0.0
83,89062.0,ALFOMBRA NATURAL BAMBÚ,2019-01-26,64.63,1.0
521,89062.0,0,2019-01-27,0.0,0.0
522,89062.0,0,2019-01-28,0.0,0.0
84,89062.0,ALFOMBRA NATURAL BAMBÚ,2019-01-29,64.63,1.0
523,89062.0,0,2019-01-30,0.0,0.0
524,89062.0,0,2019-01-31,0.0,0.0
525,89062.0,0,2019-02-01,0.0,0.0
526,89062.0,0,2019-02-02,0.0,0.0
527,89062.0,0,2019-02-03,0.0,0.0
528,89062.0,0,2019-02-04,0.0,0.0
529,89062.0,0,2019-02-05,0.0,0.0
530,89062.0,0,2019-02-06,0.0,0.0
531,89062.0,0,2019-02-07,0.0,0.0
85,89062.0,ALFOMBRA NATURAL BAMBÚ,2019-02-08,64.63,1.0
532,89062.0,0,2019-02-09,0.0,0.0
533,89062.0,0,2019-02-10,0.0,0.0
534,89062.0,0,2019-02-11,0.0,0.0
86,89062.0,ALFOMBRA NATURAL BAMBÚ,2019-02-12,183.22,3.0
535,89062.0,0,2019-02-13,0.0,0.0
536,89062.0,0,2019-02-14,0.0,0.0
537,89062.0,0,2019-02-15,0.0,0.0
538,89062.0,0,2019-02-16,0.0,0.0
539,89062.0,0,2019-02-17,0.0,0.0
87,89062.0,ALFOMBRA NATURAL BAMBÚ,2019-02-18,61.07,1.0
88,89062.0,ALFOMBRA NATURAL BAMBÚ,2019-02-19,122.15,2.0
540,89062.0,0,2019-02-20,0.0,0.0
541,89062.0,0,2019-02-21,0.0,0.0
542,89062.0,0,2019-02-22,0.0,0.0
543,89062.0,0,2019-02-23,0.0,0.0
544,89062.0,0,2019-02-24,0.0,0.0
89,89062.0,ALFOMBRA NATURAL BAMBÚ,2019-02-25,71.82,1.0
545,89062.0,0,2019-02-26,0.0,0.0
546,89062.0,0,2019-02-27,0.0,0.0
547,89062.0,0,2019-02-28,0.0,0.0
548,89062.0,0,2019-03-01,0.0,0.0
549,89062.0,0,2019-03-02,0.0,0.0
550,89062.0,0,2019-03-03,0.0,0.0
551,89062.0,0,2019-03-04,0.0,0.0
552,89062.0,0,2019-03-05,0.0,0.0
553,89062.0,0,2019-03-06,0.0,0.0
554,89062.0,0,2019-03-07,0.0,0.0
555,89062.0,0,2019-03-08,0.0,0.0
90,89062.0,ALFOMBRA NATURAL BAMBÚ,2019-03-09,143.64,2.0
556,89062.0,0,2019-03-10,0.0,0.0
557,89062.0,0,2019-03-11,0.0,0.0
558,89062.0,0,2019-03-12,0.0,0.0
559,89062.0,0,2019-03-13,0.0,0.0
560,89062.0,0,2019-03-14,0.0,0.0
561,89062.0,0,2019-03-15,0.0,0.0
562,89062.0,0,2019-03-16,0.0,0.0
563,89062.0,0,2019-03-17,0.0,0.0
564,89062.0,0,2019-03-18,0.0,0.0
565,89062.0,0,2019-03-19,0.0,0.0
566,89062.0,0,2019-03-20,0.0,0.0
567,89062.0,0,2019-03-21,0.0,0.0
568,89062.0,0,2019-03-22,0.0,0.0
569,89062.0,0,2019-03-23,0.0,0.0
570,89062.0,0,2019-03-24,0.0,0.0
571,89062.0,0,2019-03-25,0.0,0.0
572,89062.0,0,2019-03-26,0.0,0.0
91,89062.0,ALFOMBRA NATURAL BAMBÚ,2019-03-27,71.82,1.0
92,89062.0,ALFOMBRA NATURAL BAMBÚ,2019-03-28,71.82,1.0
573,89062.0,0,2019-03-29,0.0,0.0
574,89062.0,0,2019-03-30,0.0,0.0
575,89062.0,0,2019-03-31,0.0,0.0
