,Reference,Name,Dates,Net_Incomes,Units_Sold
55,93267.0,0,2017-09-02,0.0,0.0
56,93267.0,0,2017-09-03,0.0,0.0
0,93267.0,LÁMPARA BLANCO MADERA,2017-09-04,20.99,1.0
57,93267.0,0,2017-09-05,0.0,0.0
58,93267.0,0,2017-09-06,0.0,0.0
59,93267.0,0,2017-09-07,0.0,0.0
60,93267.0,0,2017-09-08,0.0,0.0
61,93267.0,0,2017-09-09,0.0,0.0
62,93267.0,0,2017-09-10,0.0,0.0
63,93267.0,0,2017-09-11,0.0,0.0
64,93267.0,0,2017-09-12,0.0,0.0
65,93267.0,0,2017-09-13,0.0,0.0
66,93267.0,0,2017-09-14,0.0,0.0
67,93267.0,0,2017-09-15,0.0,0.0
68,93267.0,0,2017-09-16,0.0,0.0
69,93267.0,0,2017-09-17,0.0,0.0
70,93267.0,0,2017-09-18,0.0,0.0
71,93267.0,0,2017-09-19,0.0,0.0
72,93267.0,0,2017-09-20,0.0,0.0
73,93267.0,0,2017-09-21,0.0,0.0
74,93267.0,0,2017-09-22,0.0,0.0
75,93267.0,0,2017-09-23,0.0,0.0
76,93267.0,0,2017-09-24,0.0,0.0
77,93267.0,0,2017-09-25,0.0,0.0
78,93267.0,0,2017-09-26,0.0,0.0
79,93267.0,0,2017-09-27,0.0,0.0
80,93267.0,0,2017-09-28,0.0,0.0
81,93267.0,0,2017-09-29,0.0,0.0
82,93267.0,0,2017-09-30,0.0,0.0
83,93267.0,0,2017-10-01,0.0,0.0
84,93267.0,0,2017-10-02,0.0,0.0
85,93267.0,0,2017-10-03,0.0,0.0
86,93267.0,0,2017-10-04,0.0,0.0
87,93267.0,0,2017-10-05,0.0,0.0
88,93267.0,0,2017-10-06,0.0,0.0
89,93267.0,0,2017-10-07,0.0,0.0
90,93267.0,0,2017-10-08,0.0,0.0
91,93267.0,0,2017-10-09,0.0,0.0
92,93267.0,0,2017-10-10,0.0,0.0
93,93267.0,0,2017-10-11,0.0,0.0
94,93267.0,0,2017-10-12,0.0,0.0
95,93267.0,0,2017-10-13,0.0,0.0
96,93267.0,0,2017-10-14,0.0,0.0
97,93267.0,0,2017-10-15,0.0,0.0
98,93267.0,0,2017-10-16,0.0,0.0
99,93267.0,0,2017-10-17,0.0,0.0
100,93267.0,0,2017-10-18,0.0,0.0
101,93267.0,0,2017-10-19,0.0,0.0
102,93267.0,0,2017-10-20,0.0,0.0
103,93267.0,0,2017-10-21,0.0,0.0
104,93267.0,0,2017-10-22,0.0,0.0
105,93267.0,0,2017-10-23,0.0,0.0
106,93267.0,0,2017-10-24,0.0,0.0
107,93267.0,0,2017-10-25,0.0,0.0
108,93267.0,0,2017-10-26,0.0,0.0
109,93267.0,0,2017-10-27,0.0,0.0
110,93267.0,0,2017-10-28,0.0,0.0
111,93267.0,0,2017-10-29,0.0,0.0
112,93267.0,0,2017-10-30,0.0,0.0
113,93267.0,0,2017-10-31,0.0,0.0
114,93267.0,0,2017-11-01,0.0,0.0
115,93267.0,0,2017-11-02,0.0,0.0
116,93267.0,0,2017-11-03,0.0,0.0
1,93267.0,LÁMPARA BLANCO MADERA,2017-11-04,21.0,1.0
117,93267.0,0,2017-11-05,0.0,0.0
118,93267.0,0,2017-11-06,0.0,0.0
2,93267.0,LÁMPARA BLANCO MADERA,2017-11-07,24.71,1.0
119,93267.0,0,2017-11-08,0.0,0.0
120,93267.0,0,2017-11-09,0.0,0.0
121,93267.0,0,2017-11-10,0.0,0.0
122,93267.0,0,2017-11-11,0.0,0.0
3,93267.0,LÁMPARA BLANCO MADERA,2017-11-12,21.01,1.0
4,93267.0,LÁMPARA BLANCO MADERA,2017-11-13,21.0,1.0
123,93267.0,0,2017-11-14,0.0,0.0
124,93267.0,0,2017-11-15,0.0,0.0
125,93267.0,0,2017-11-16,0.0,0.0
126,93267.0,0,2017-11-17,0.0,0.0
127,93267.0,0,2017-11-18,0.0,0.0
128,93267.0,0,2017-11-19,0.0,0.0
129,93267.0,0,2017-11-20,0.0,0.0
130,93267.0,0,2017-11-21,0.0,0.0
131,93267.0,0,2017-11-22,0.0,0.0
132,93267.0,0,2017-11-23,0.0,0.0
133,93267.0,0,2017-11-24,0.0,0.0
5,93267.0,LÁMPARA BLANCO MADERA,2017-11-25,21.0,1.0
134,93267.0,0,2017-11-26,0.0,0.0
135,93267.0,0,2017-11-27,0.0,0.0
136,93267.0,0,2017-11-28,0.0,0.0
137,93267.0,0,2017-11-29,0.0,0.0
138,93267.0,0,2017-11-30,0.0,0.0
139,93267.0,0,2017-12-01,0.0,0.0
6,93267.0,LÁMPARA BLANCO MADERA,2017-12-02,22.24,1.0
140,93267.0,0,2017-12-03,0.0,0.0
141,93267.0,0,2017-12-04,0.0,0.0
142,93267.0,0,2017-12-05,0.0,0.0
143,93267.0,0,2017-12-06,0.0,0.0
144,93267.0,0,2017-12-07,0.0,0.0
145,93267.0,0,2017-12-08,0.0,0.0
146,93267.0,0,2017-12-09,0.0,0.0
147,93267.0,0,2017-12-10,0.0,0.0
148,93267.0,0,2017-12-11,0.0,0.0
149,93267.0,0,2017-12-12,0.0,0.0
150,93267.0,0,2017-12-13,0.0,0.0
151,93267.0,0,2017-12-14,0.0,0.0
152,93267.0,0,2017-12-15,0.0,0.0
153,93267.0,0,2017-12-16,0.0,0.0
154,93267.0,0,2017-12-17,0.0,0.0
155,93267.0,0,2017-12-18,0.0,0.0
7,93267.0,LÁMPARA BLANCO MADERA,2017-12-19,49.42,2.0
156,93267.0,0,2017-12-20,0.0,0.0
157,93267.0,0,2017-12-21,0.0,0.0
158,93267.0,0,2017-12-22,0.0,0.0
159,93267.0,0,2017-12-23,0.0,0.0
160,93267.0,0,2017-12-24,0.0,0.0
161,93267.0,0,2017-12-25,0.0,0.0
8,93267.0,LÁMPARA BLANCO MADERA,2017-12-26,49.42,2.0
162,93267.0,0,2017-12-27,0.0,0.0
163,93267.0,0,2017-12-28,0.0,0.0
164,93267.0,0,2017-12-29,0.0,0.0
165,93267.0,0,2017-12-30,0.0,0.0
166,93267.0,0,2017-12-31,0.0,0.0
167,93267.0,0,2018-01-01,0.0,0.0
168,93267.0,0,2018-01-02,0.0,0.0
169,93267.0,0,2018-01-03,0.0,0.0
170,93267.0,0,2018-01-04,0.0,0.0
171,93267.0,0,2018-01-05,0.0,0.0
172,93267.0,0,2018-01-06,0.0,0.0
173,93267.0,0,2018-01-07,0.0,0.0
174,93267.0,0,2018-01-08,0.0,0.0
9,93267.0,LÁMPARA BLANCO MADERA,2018-01-09,39.5,2.0
10,93267.0,LÁMPARA BLANCO MADERA,2018-01-10,39.5,2.0
175,93267.0,0,2018-01-11,0.0,0.0
11,93267.0,LÁMPARA BLANCO MADERA,2018-01-12,79.01,4.0
12,93267.0,LÁMPARA BLANCO MADERA,2018-01-13,39.5,2.0
176,93267.0,0,2018-01-14,0.0,0.0
177,93267.0,0,2018-01-15,0.0,0.0
13,93267.0,LÁMPARA BLANCO MADERA,2018-01-16,39.5,2.0
178,93267.0,0,2018-01-17,0.0,0.0
179,93267.0,0,2018-01-18,0.0,0.0
180,93267.0,0,2018-01-19,0.0,0.0
181,93267.0,0,2018-01-20,0.0,0.0
182,93267.0,0,2018-01-21,0.0,0.0
183,93267.0,0,2018-01-22,0.0,0.0
184,93267.0,0,2018-01-23,0.0,0.0
185,93267.0,0,2018-01-24,0.0,0.0
186,93267.0,0,2018-01-25,0.0,0.0
187,93267.0,0,2018-01-26,0.0,0.0
188,93267.0,0,2018-01-27,0.0,0.0
189,93267.0,0,2018-01-28,0.0,0.0
190,93267.0,0,2018-01-29,0.0,0.0
14,93267.0,LÁMPARA BLANCO MADERA,2018-01-30,19.75,1.0
191,93267.0,0,2018-01-31,0.0,0.0
192,93267.0,0,2018-02-01,0.0,0.0
193,93267.0,0,2018-02-02,0.0,0.0
15,93267.0,LÁMPARA BLANCO MADERA,2018-02-03,19.75,1.0
194,93267.0,0,2018-02-04,0.0,0.0
195,93267.0,0,2018-02-05,0.0,0.0
196,93267.0,0,2018-02-06,0.0,0.0
197,93267.0,0,2018-02-07,0.0,0.0
198,93267.0,0,2018-02-08,0.0,0.0
199,93267.0,0,2018-02-09,0.0,0.0
16,93267.0,LÁMPARA BLANCO MADERA,2018-02-10,18.51,1.0
17,93267.0,LÁMPARA BLANCO MADERA,2018-02-11,37.02,2.0
200,93267.0,0,2018-02-12,0.0,0.0
201,93267.0,0,2018-02-13,0.0,0.0
202,93267.0,0,2018-02-14,0.0,0.0
203,93267.0,0,2018-02-15,0.0,0.0
18,93267.0,LÁMPARA BLANCO MADERA,2018-02-16,18.51,1.0
204,93267.0,0,2018-02-17,0.0,0.0
205,93267.0,0,2018-02-18,0.0,0.0
206,93267.0,0,2018-02-19,0.0,0.0
207,93267.0,0,2018-02-20,0.0,0.0
208,93267.0,0,2018-02-21,0.0,0.0
209,93267.0,0,2018-02-22,0.0,0.0
210,93267.0,0,2018-02-23,0.0,0.0
211,93267.0,0,2018-02-24,0.0,0.0
212,93267.0,0,2018-02-25,0.0,0.0
213,93267.0,0,2018-02-26,0.0,0.0
214,93267.0,0,2018-02-27,0.0,0.0
215,93267.0,0,2018-02-28,0.0,0.0
216,93267.0,0,2018-03-01,0.0,0.0
217,93267.0,0,2018-03-02,0.0,0.0
218,93267.0,0,2018-03-03,0.0,0.0
219,93267.0,0,2018-03-04,0.0,0.0
220,93267.0,0,2018-03-05,0.0,0.0
221,93267.0,0,2018-03-06,0.0,0.0
222,93267.0,0,2018-03-07,0.0,0.0
223,93267.0,0,2018-03-08,0.0,0.0
224,93267.0,0,2018-03-09,0.0,0.0
225,93267.0,0,2018-03-10,0.0,0.0
226,93267.0,0,2018-03-11,0.0,0.0
227,93267.0,0,2018-03-12,0.0,0.0
228,93267.0,0,2018-03-13,0.0,0.0
229,93267.0,0,2018-03-14,0.0,0.0
230,93267.0,0,2018-03-15,0.0,0.0
231,93267.0,0,2018-03-16,0.0,0.0
232,93267.0,0,2018-03-17,0.0,0.0
233,93267.0,0,2018-03-18,0.0,0.0
234,93267.0,0,2018-03-19,0.0,0.0
235,93267.0,0,2018-03-20,0.0,0.0
236,93267.0,0,2018-03-21,0.0,0.0
237,93267.0,0,2018-03-22,0.0,0.0
238,93267.0,0,2018-03-23,0.0,0.0
239,93267.0,0,2018-03-24,0.0,0.0
240,93267.0,0,2018-03-25,0.0,0.0
241,93267.0,0,2018-03-26,0.0,0.0
242,93267.0,0,2018-03-27,0.0,0.0
243,93267.0,0,2018-03-28,0.0,0.0
244,93267.0,0,2018-03-29,0.0,0.0
245,93267.0,0,2018-03-30,0.0,0.0
246,93267.0,0,2018-03-31,0.0,0.0
247,93267.0,0,2018-04-01,0.0,0.0
248,93267.0,0,2018-04-02,0.0,0.0
249,93267.0,0,2018-04-03,0.0,0.0
250,93267.0,0,2018-04-04,0.0,0.0
251,93267.0,0,2018-04-05,0.0,0.0
252,93267.0,0,2018-04-06,0.0,0.0
253,93267.0,0,2018-04-07,0.0,0.0
254,93267.0,0,2018-04-08,0.0,0.0
255,93267.0,0,2018-04-09,0.0,0.0
256,93267.0,0,2018-04-10,0.0,0.0
257,93267.0,0,2018-04-11,0.0,0.0
258,93267.0,0,2018-04-12,0.0,0.0
259,93267.0,0,2018-04-13,0.0,0.0
260,93267.0,0,2018-04-14,0.0,0.0
261,93267.0,0,2018-04-15,0.0,0.0
262,93267.0,0,2018-04-16,0.0,0.0
263,93267.0,0,2018-04-17,0.0,0.0
264,93267.0,0,2018-04-18,0.0,0.0
19,93267.0,LÁMPARA BLANCO MADERA,2018-04-19,24.71,1.0
265,93267.0,0,2018-04-20,0.0,0.0
266,93267.0,0,2018-04-21,0.0,0.0
267,93267.0,0,2018-04-22,0.0,0.0
268,93267.0,0,2018-04-23,0.0,0.0
269,93267.0,0,2018-04-24,0.0,0.0
270,93267.0,0,2018-04-25,0.0,0.0
271,93267.0,0,2018-04-26,0.0,0.0
272,93267.0,0,2018-04-27,0.0,0.0
20,93267.0,LÁMPARA BLANCO MADERA,2018-04-28,24.71,1.0
273,93267.0,0,2018-04-29,0.0,0.0
274,93267.0,0,2018-04-30,0.0,0.0
275,93267.0,0,2018-05-01,0.0,0.0
21,93267.0,LÁMPARA BLANCO MADERA,2018-05-02,49.42,2.0
22,93267.0,LÁMPARA BLANCO MADERA,2018-05-03,49.42,2.0
276,93267.0,0,2018-05-04,0.0,0.0
277,93267.0,0,2018-05-05,0.0,0.0
278,93267.0,0,2018-05-06,0.0,0.0
279,93267.0,0,2018-05-07,0.0,0.0
280,93267.0,0,2018-05-08,0.0,0.0
281,93267.0,0,2018-05-09,0.0,0.0
282,93267.0,0,2018-05-10,0.0,0.0
283,93267.0,0,2018-05-11,0.0,0.0
23,93267.0,LÁMPARA BLANCO MADERA,2018-05-12,24.71,1.0
284,93267.0,0,2018-05-13,0.0,0.0
285,93267.0,0,2018-05-14,0.0,0.0
286,93267.0,0,2018-05-15,0.0,0.0
287,93267.0,0,2018-05-16,0.0,0.0
288,93267.0,0,2018-05-17,0.0,0.0
289,93267.0,0,2018-05-18,0.0,0.0
290,93267.0,0,2018-05-19,0.0,0.0
291,93267.0,0,2018-05-20,0.0,0.0
292,93267.0,0,2018-05-21,0.0,0.0
293,93267.0,0,2018-05-22,0.0,0.0
294,93267.0,0,2018-05-23,0.0,0.0
295,93267.0,0,2018-05-24,0.0,0.0
296,93267.0,0,2018-05-25,0.0,0.0
297,93267.0,0,2018-05-26,0.0,0.0
298,93267.0,0,2018-05-27,0.0,0.0
299,93267.0,0,2018-05-28,0.0,0.0
24,93267.0,LÁMPARA BLANCO MADERA,2018-05-29,74.13,3.0
300,93267.0,0,2018-05-30,0.0,0.0
25,93267.0,LÁMPARA BLANCO MADERA,2018-05-31,74.13,3.0
301,93267.0,0,2018-06-01,0.0,0.0
302,93267.0,0,2018-06-02,0.0,0.0
303,93267.0,0,2018-06-03,0.0,0.0
304,93267.0,0,2018-06-04,0.0,0.0
305,93267.0,0,2018-06-05,0.0,0.0
306,93267.0,0,2018-06-06,0.0,0.0
307,93267.0,0,2018-06-07,0.0,0.0
308,93267.0,0,2018-06-08,0.0,0.0
309,93267.0,0,2018-06-09,0.0,0.0
310,93267.0,0,2018-06-10,0.0,0.0
311,93267.0,0,2018-06-11,0.0,0.0
312,93267.0,0,2018-06-12,0.0,0.0
313,93267.0,0,2018-06-13,0.0,0.0
314,93267.0,0,2018-06-14,0.0,0.0
315,93267.0,0,2018-06-15,0.0,0.0
316,93267.0,0,2018-06-16,0.0,0.0
317,93267.0,0,2018-06-17,0.0,0.0
318,93267.0,0,2018-06-18,0.0,0.0
319,93267.0,0,2018-06-19,0.0,0.0
320,93267.0,0,2018-06-20,0.0,0.0
321,93267.0,0,2018-06-21,0.0,0.0
322,93267.0,0,2018-06-22,0.0,0.0
323,93267.0,0,2018-06-23,0.0,0.0
324,93267.0,0,2018-06-24,0.0,0.0
325,93267.0,0,2018-06-25,0.0,0.0
326,93267.0,0,2018-06-26,0.0,0.0
327,93267.0,0,2018-06-27,0.0,0.0
328,93267.0,0,2018-06-28,0.0,0.0
329,93267.0,0,2018-06-29,0.0,0.0
330,93267.0,0,2018-06-30,0.0,0.0
331,93267.0,0,2018-07-01,0.0,0.0
332,93267.0,0,2018-07-02,0.0,0.0
333,93267.0,0,2018-07-03,0.0,0.0
334,93267.0,0,2018-07-04,0.0,0.0
335,93267.0,0,2018-07-05,0.0,0.0
336,93267.0,0,2018-07-06,0.0,0.0
337,93267.0,0,2018-07-07,0.0,0.0
338,93267.0,0,2018-07-08,0.0,0.0
339,93267.0,0,2018-07-09,0.0,0.0
340,93267.0,0,2018-07-10,0.0,0.0
341,93267.0,0,2018-07-11,0.0,0.0
342,93267.0,0,2018-07-12,0.0,0.0
343,93267.0,0,2018-07-13,0.0,0.0
344,93267.0,0,2018-07-14,0.0,0.0
345,93267.0,0,2018-07-15,0.0,0.0
346,93267.0,0,2018-07-16,0.0,0.0
347,93267.0,0,2018-07-17,0.0,0.0
348,93267.0,0,2018-07-18,0.0,0.0
349,93267.0,0,2018-07-19,0.0,0.0
350,93267.0,0,2018-07-20,0.0,0.0
351,93267.0,0,2018-07-21,0.0,0.0
352,93267.0,0,2018-07-22,0.0,0.0
353,93267.0,0,2018-07-23,0.0,0.0
354,93267.0,0,2018-07-24,0.0,0.0
355,93267.0,0,2018-07-25,0.0,0.0
356,93267.0,0,2018-07-26,0.0,0.0
357,93267.0,0,2018-07-27,0.0,0.0
358,93267.0,0,2018-07-28,0.0,0.0
359,93267.0,0,2018-07-29,0.0,0.0
360,93267.0,0,2018-07-30,0.0,0.0
361,93267.0,0,2018-07-31,0.0,0.0
362,93267.0,0,2018-08-01,0.0,0.0
363,93267.0,0,2018-08-02,0.0,0.0
26,93267.0,LÁMPARA BLANCO MADERA,2018-08-03,24.71,1.0
364,93267.0,0,2018-08-04,0.0,0.0
365,93267.0,0,2018-08-05,0.0,0.0
366,93267.0,0,2018-08-06,0.0,0.0
367,93267.0,0,2018-08-07,0.0,0.0
368,93267.0,0,2018-08-08,0.0,0.0
369,93267.0,0,2018-08-09,0.0,0.0
27,93267.0,LÁMPARA BLANCO MADERA,2018-08-10,24.71,1.0
370,93267.0,0,2018-08-11,0.0,0.0
371,93267.0,0,2018-08-12,0.0,0.0
372,93267.0,0,2018-08-13,0.0,0.0
373,93267.0,0,2018-08-14,0.0,0.0
28,93267.0,LÁMPARA BLANCO MADERA,2018-08-15,24.71,1.0
374,93267.0,0,2018-08-16,0.0,0.0
375,93267.0,0,2018-08-17,0.0,0.0
376,93267.0,0,2018-08-18,0.0,0.0
377,93267.0,0,2018-08-19,0.0,0.0
378,93267.0,0,2018-08-20,0.0,0.0
379,93267.0,0,2018-08-21,0.0,0.0
29,93267.0,LÁMPARA BLANCO MADERA,2018-08-22,49.42,2.0
380,93267.0,0,2018-08-23,0.0,0.0
381,93267.0,0,2018-08-24,0.0,0.0
382,93267.0,0,2018-08-25,0.0,0.0
383,93267.0,0,2018-08-26,0.0,0.0
384,93267.0,0,2018-08-27,0.0,0.0
385,93267.0,0,2018-08-28,0.0,0.0
386,93267.0,0,2018-08-29,0.0,0.0
387,93267.0,0,2018-08-30,0.0,0.0
388,93267.0,0,2018-08-31,0.0,0.0
389,93267.0,0,2018-09-01,0.0,0.0
390,93267.0,0,2018-09-02,0.0,0.0
391,93267.0,0,2018-09-03,0.0,0.0
392,93267.0,0,2018-09-04,0.0,0.0
393,93267.0,0,2018-09-05,0.0,0.0
394,93267.0,0,2018-09-06,0.0,0.0
395,93267.0,0,2018-09-07,0.0,0.0
396,93267.0,0,2018-09-08,0.0,0.0
397,93267.0,0,2018-09-09,0.0,0.0
398,93267.0,0,2018-09-10,0.0,0.0
399,93267.0,0,2018-09-11,0.0,0.0
400,93267.0,0,2018-09-12,0.0,0.0
401,93267.0,0,2018-09-13,0.0,0.0
402,93267.0,0,2018-09-14,0.0,0.0
403,93267.0,0,2018-09-15,0.0,0.0
404,93267.0,0,2018-09-16,0.0,0.0
405,93267.0,0,2018-09-17,0.0,0.0
406,93267.0,0,2018-09-18,0.0,0.0
407,93267.0,0,2018-09-19,0.0,0.0
408,93267.0,0,2018-09-20,0.0,0.0
409,93267.0,0,2018-09-21,0.0,0.0
410,93267.0,0,2018-09-22,0.0,0.0
411,93267.0,0,2018-09-23,0.0,0.0
412,93267.0,0,2018-09-24,0.0,0.0
413,93267.0,0,2018-09-25,0.0,0.0
414,93267.0,0,2018-09-26,0.0,0.0
415,93267.0,0,2018-09-27,0.0,0.0
416,93267.0,0,2018-09-28,0.0,0.0
417,93267.0,0,2018-09-29,0.0,0.0
418,93267.0,0,2018-09-30,0.0,0.0
30,93267.0,LÁMPARA BLANCO MADERA,2018-10-01,22.24,1.0
31,93267.0,LÁMPARA BLANCO MADERA,2018-10-02,44.48,2.0
419,93267.0,0,2018-10-03,0.0,0.0
420,93267.0,0,2018-10-04,0.0,0.0
421,93267.0,0,2018-10-05,0.0,0.0
422,93267.0,0,2018-10-06,0.0,0.0
32,93267.0,LÁMPARA BLANCO MADERA,2018-10-07,24.71,1.0
423,93267.0,0,2018-10-08,0.0,0.0
424,93267.0,0,2018-10-09,0.0,0.0
33,93267.0,LÁMPARA BLANCO MADERA,2018-10-10,24.71,1.0
425,93267.0,0,2018-10-11,0.0,0.0
426,93267.0,0,2018-10-12,0.0,0.0
427,93267.0,0,2018-10-13,0.0,0.0
428,93267.0,0,2018-10-14,0.0,0.0
34,93267.0,LÁMPARA BLANCO MADERA,2018-10-15,49.42,2.0
429,93267.0,0,2018-10-16,0.0,0.0
430,93267.0,0,2018-10-17,0.0,0.0
431,93267.0,0,2018-10-18,0.0,0.0
432,93267.0,0,2018-10-19,0.0,0.0
433,93267.0,0,2018-10-20,0.0,0.0
434,93267.0,0,2018-10-21,0.0,0.0
435,93267.0,0,2018-10-22,0.0,0.0
436,93267.0,0,2018-10-23,0.0,0.0
437,93267.0,0,2018-10-24,0.0,0.0
438,93267.0,0,2018-10-25,0.0,0.0
439,93267.0,0,2018-10-26,0.0,0.0
35,93267.0,LÁMPARA BLANCO MADERA,2018-10-27,49.43,2.0
440,93267.0,0,2018-10-28,0.0,0.0
441,93267.0,0,2018-10-29,0.0,0.0
442,93267.0,0,2018-10-30,0.0,0.0
443,93267.0,0,2018-10-31,0.0,0.0
444,93267.0,0,2018-11-01,0.0,0.0
445,93267.0,0,2018-11-02,0.0,0.0
446,93267.0,0,2018-11-03,0.0,0.0
447,93267.0,0,2018-11-04,0.0,0.0
36,93267.0,LÁMPARA BLANCO MADERA,2018-11-05,24.71,1.0
448,93267.0,0,2018-11-06,0.0,0.0
449,93267.0,0,2018-11-07,0.0,0.0
450,93267.0,0,2018-11-08,0.0,0.0
37,93267.0,LÁMPARA BLANCO MADERA,2018-11-09,20.58,1.0
451,93267.0,0,2018-11-10,0.0,0.0
452,93267.0,0,2018-11-11,0.0,0.0
453,93267.0,0,2018-11-12,0.0,0.0
454,93267.0,0,2018-11-13,0.0,0.0
455,93267.0,0,2018-11-14,0.0,0.0
456,93267.0,0,2018-11-15,0.0,0.0
457,93267.0,0,2018-11-16,0.0,0.0
38,93267.0,LÁMPARA BLANCO MADERA,2018-11-17,41.16,2.0
458,93267.0,0,2018-11-18,0.0,0.0
459,93267.0,0,2018-11-19,0.0,0.0
460,93267.0,0,2018-11-20,0.0,0.0
461,93267.0,0,2018-11-21,0.0,0.0
462,93267.0,0,2018-11-22,0.0,0.0
463,93267.0,0,2018-11-23,0.0,0.0
464,93267.0,0,2018-11-24,0.0,0.0
465,93267.0,0,2018-11-25,0.0,0.0
466,93267.0,0,2018-11-26,0.0,0.0
467,93267.0,0,2018-11-27,0.0,0.0
468,93267.0,0,2018-11-28,0.0,0.0
469,93267.0,0,2018-11-29,0.0,0.0
470,93267.0,0,2018-11-30,0.0,0.0
39,93267.0,LÁMPARA BLANCO MADERA,2018-12-01,20.58,1.0
471,93267.0,0,2018-12-02,0.0,0.0
472,93267.0,0,2018-12-03,0.0,0.0
40,93267.0,LÁMPARA BLANCO MADERA,2018-12-04,18.52,1.0
473,93267.0,0,2018-12-05,0.0,0.0
474,93267.0,0,2018-12-06,0.0,0.0
41,93267.0,LÁMPARA BLANCO MADERA,2018-12-07,41.16,2.0
475,93267.0,0,2018-12-08,0.0,0.0
42,93267.0,LÁMPARA BLANCO MADERA,2018-12-09,41.16,2.0
43,93267.0,LÁMPARA BLANCO MADERA,2018-12-10,20.58,1.0
476,93267.0,0,2018-12-11,0.0,0.0
44,93267.0,LÁMPARA BLANCO MADERA,2018-12-12,37.04,2.0
477,93267.0,0,2018-12-13,0.0,0.0
478,93267.0,0,2018-12-14,0.0,0.0
479,93267.0,0,2018-12-15,0.0,0.0
480,93267.0,0,2018-12-16,0.0,0.0
481,93267.0,0,2018-12-17,0.0,0.0
482,93267.0,0,2018-12-18,0.0,0.0
483,93267.0,0,2018-12-19,0.0,0.0
484,93267.0,0,2018-12-20,0.0,0.0
485,93267.0,0,2018-12-21,0.0,0.0
486,93267.0,0,2018-12-22,0.0,0.0
487,93267.0,0,2018-12-23,0.0,0.0
488,93267.0,0,2018-12-24,0.0,0.0
489,93267.0,0,2018-12-25,0.0,0.0
490,93267.0,0,2018-12-26,0.0,0.0
491,93267.0,0,2018-12-27,0.0,0.0
492,93267.0,0,2018-12-28,0.0,0.0
493,93267.0,0,2018-12-29,0.0,0.0
494,93267.0,0,2018-12-30,0.0,0.0
495,93267.0,0,2018-12-31,0.0,0.0
496,93267.0,0,2019-01-01,0.0,0.0
497,93267.0,0,2019-01-02,0.0,0.0
498,93267.0,0,2019-01-03,0.0,0.0
499,93267.0,0,2019-01-04,0.0,0.0
500,93267.0,0,2019-01-05,0.0,0.0
501,93267.0,0,2019-01-06,0.0,0.0
502,93267.0,0,2019-01-07,0.0,0.0
503,93267.0,0,2019-01-08,0.0,0.0
504,93267.0,0,2019-01-09,0.0,0.0
505,93267.0,0,2019-01-10,0.0,0.0
506,93267.0,0,2019-01-11,0.0,0.0
45,93267.0,LÁMPARA BLANCO MADERA,2019-01-12,18.51,1.0
507,93267.0,0,2019-01-13,0.0,0.0
46,93267.0,LÁMPARA BLANCO MADERA,2019-01-14,54.61,3.0
47,93267.0,LÁMPARA BLANCO MADERA,2019-01-15,18.51,1.0
48,93267.0,LÁMPARA BLANCO MADERA,2019-01-16,18.52,1.0
508,93267.0,0,2019-01-17,0.0,0.0
509,93267.0,0,2019-01-18,0.0,0.0
510,93267.0,0,2019-01-19,0.0,0.0
49,93267.0,LÁMPARA BLANCO MADERA,2019-01-20,37.02,2.0
511,93267.0,0,2019-01-21,0.0,0.0
512,93267.0,0,2019-01-22,0.0,0.0
513,93267.0,0,2019-01-23,0.0,0.0
514,93267.0,0,2019-01-24,0.0,0.0
515,93267.0,0,2019-01-25,0.0,0.0
516,93267.0,0,2019-01-26,0.0,0.0
517,93267.0,0,2019-01-27,0.0,0.0
50,93267.0,LÁMPARA BLANCO MADERA,2019-01-28,37.02,2.0
518,93267.0,0,2019-01-29,0.0,0.0
519,93267.0,0,2019-01-30,0.0,0.0
520,93267.0,0,2019-01-31,0.0,0.0
521,93267.0,0,2019-02-01,0.0,0.0
522,93267.0,0,2019-02-02,0.0,0.0
523,93267.0,0,2019-02-03,0.0,0.0
524,93267.0,0,2019-02-04,0.0,0.0
525,93267.0,0,2019-02-05,0.0,0.0
526,93267.0,0,2019-02-06,0.0,0.0
527,93267.0,0,2019-02-07,0.0,0.0
528,93267.0,0,2019-02-08,0.0,0.0
529,93267.0,0,2019-02-09,0.0,0.0
530,93267.0,0,2019-02-10,0.0,0.0
51,93267.0,LÁMPARA BLANCO MADERA,2019-02-11,52.56,3.0
531,93267.0,0,2019-02-12,0.0,0.0
52,93267.0,LÁMPARA BLANCO MADERA,2019-02-13,35.04,2.0
532,93267.0,0,2019-02-14,0.0,0.0
533,93267.0,0,2019-02-15,0.0,0.0
534,93267.0,0,2019-02-16,0.0,0.0
535,93267.0,0,2019-02-17,0.0,0.0
536,93267.0,0,2019-02-18,0.0,0.0
537,93267.0,0,2019-02-19,0.0,0.0
538,93267.0,0,2019-02-20,0.0,0.0
539,93267.0,0,2019-02-21,0.0,0.0
540,93267.0,0,2019-02-22,0.0,0.0
541,93267.0,0,2019-02-23,0.0,0.0
542,93267.0,0,2019-02-24,0.0,0.0
543,93267.0,0,2019-02-25,0.0,0.0
544,93267.0,0,2019-02-26,0.0,0.0
545,93267.0,0,2019-02-27,0.0,0.0
546,93267.0,0,2019-02-28,0.0,0.0
547,93267.0,0,2019-03-01,0.0,0.0
548,93267.0,0,2019-03-02,0.0,0.0
549,93267.0,0,2019-03-03,0.0,0.0
53,93267.0,LÁMPARA BLANCO MADERA,2019-03-04,41.16,2.0
550,93267.0,0,2019-03-05,0.0,0.0
551,93267.0,0,2019-03-06,0.0,0.0
552,93267.0,0,2019-03-07,0.0,0.0
553,93267.0,0,2019-03-08,0.0,0.0
54,93267.0,LÁMPARA BLANCO MADERA,2019-03-09,20.58,1.0
554,93267.0,0,2019-03-10,0.0,0.0
555,93267.0,0,2019-03-11,0.0,0.0
556,93267.0,0,2019-03-12,0.0,0.0
557,93267.0,0,2019-03-13,0.0,0.0
558,93267.0,0,2019-03-14,0.0,0.0
559,93267.0,0,2019-03-15,0.0,0.0
560,93267.0,0,2019-03-16,0.0,0.0
561,93267.0,0,2019-03-17,0.0,0.0
562,93267.0,0,2019-03-18,0.0,0.0
563,93267.0,0,2019-03-19,0.0,0.0
564,93267.0,0,2019-03-20,0.0,0.0
565,93267.0,0,2019-03-21,0.0,0.0
566,93267.0,0,2019-03-22,0.0,0.0
567,93267.0,0,2019-03-23,0.0,0.0
568,93267.0,0,2019-03-24,0.0,0.0
569,93267.0,0,2019-03-25,0.0,0.0
570,93267.0,0,2019-03-26,0.0,0.0
571,93267.0,0,2019-03-27,0.0,0.0
572,93267.0,0,2019-03-28,0.0,0.0
573,93267.0,0,2019-03-29,0.0,0.0
574,93267.0,0,2019-03-30,0.0,0.0
575,93267.0,0,2019-03-31,0.0,0.0
