,Reference,Name,Dates,Net_Incomes,Units_Sold
50,93308.0,0,2017-09-02,0.0,0.0
51,93308.0,0,2017-09-03,0.0,0.0
52,93308.0,0,2017-09-04,0.0,0.0
53,93308.0,0,2017-09-05,0.0,0.0
54,93308.0,0,2017-09-06,0.0,0.0
55,93308.0,0,2017-09-07,0.0,0.0
56,93308.0,0,2017-09-08,0.0,0.0
57,93308.0,0,2017-09-09,0.0,0.0
58,93308.0,0,2017-09-10,0.0,0.0
59,93308.0,0,2017-09-11,0.0,0.0
60,93308.0,0,2017-09-12,0.0,0.0
61,93308.0,0,2017-09-13,0.0,0.0
62,93308.0,0,2017-09-14,0.0,0.0
63,93308.0,0,2017-09-15,0.0,0.0
64,93308.0,0,2017-09-16,0.0,0.0
65,93308.0,0,2017-09-17,0.0,0.0
66,93308.0,0,2017-09-18,0.0,0.0
67,93308.0,0,2017-09-19,0.0,0.0
68,93308.0,0,2017-09-20,0.0,0.0
69,93308.0,0,2017-09-21,0.0,0.0
70,93308.0,0,2017-09-22,0.0,0.0
71,93308.0,0,2017-09-23,0.0,0.0
72,93308.0,0,2017-09-24,0.0,0.0
73,93308.0,0,2017-09-25,0.0,0.0
74,93308.0,0,2017-09-26,0.0,0.0
75,93308.0,0,2017-09-27,0.0,0.0
76,93308.0,0,2017-09-28,0.0,0.0
77,93308.0,0,2017-09-29,0.0,0.0
78,93308.0,0,2017-09-30,0.0,0.0
79,93308.0,0,2017-10-01,0.0,0.0
80,93308.0,0,2017-10-02,0.0,0.0
81,93308.0,0,2017-10-03,0.0,0.0
82,93308.0,0,2017-10-04,0.0,0.0
83,93308.0,0,2017-10-05,0.0,0.0
84,93308.0,0,2017-10-06,0.0,0.0
85,93308.0,0,2017-10-07,0.0,0.0
86,93308.0,0,2017-10-08,0.0,0.0
87,93308.0,0,2017-10-09,0.0,0.0
88,93308.0,0,2017-10-10,0.0,0.0
89,93308.0,0,2017-10-11,0.0,0.0
90,93308.0,0,2017-10-12,0.0,0.0
91,93308.0,0,2017-10-13,0.0,0.0
92,93308.0,0,2017-10-14,0.0,0.0
93,93308.0,0,2017-10-15,0.0,0.0
94,93308.0,0,2017-10-16,0.0,0.0
95,93308.0,0,2017-10-17,0.0,0.0
96,93308.0,0,2017-10-18,0.0,0.0
97,93308.0,0,2017-10-19,0.0,0.0
98,93308.0,0,2017-10-20,0.0,0.0
99,93308.0,0,2017-10-21,0.0,0.0
100,93308.0,0,2017-10-22,0.0,0.0
101,93308.0,0,2017-10-23,0.0,0.0
102,93308.0,0,2017-10-24,0.0,0.0
103,93308.0,0,2017-10-25,0.0,0.0
104,93308.0,0,2017-10-26,0.0,0.0
105,93308.0,0,2017-10-27,0.0,0.0
106,93308.0,0,2017-10-28,0.0,0.0
107,93308.0,0,2017-10-29,0.0,0.0
0,93308.0,MESA BLANCO ACERO CROMADO / MDF,2017-10-30,48.4,1.0
108,93308.0,0,2017-10-31,0.0,0.0
109,93308.0,0,2017-11-01,0.0,0.0
1,93308.0,MESA BLANCO ACERO CROMADO / MDF,2017-11-02,241.98,5.0
110,93308.0,0,2017-11-03,0.0,0.0
111,93308.0,0,2017-11-04,0.0,0.0
2,93308.0,MESA BLANCO ACERO CROMADO / MDF,2017-11-05,56.94,1.0
112,93308.0,0,2017-11-06,0.0,0.0
113,93308.0,0,2017-11-07,0.0,0.0
3,93308.0,MESA BLANCO ACERO CROMADO / MDF,2017-11-08,48.4,1.0
114,93308.0,0,2017-11-09,0.0,0.0
115,93308.0,0,2017-11-10,0.0,0.0
116,93308.0,0,2017-11-11,0.0,0.0
117,93308.0,0,2017-11-12,0.0,0.0
118,93308.0,0,2017-11-13,0.0,0.0
119,93308.0,0,2017-11-14,0.0,0.0
4,93308.0,MESA BLANCO ACERO CROMADO / MDF,2017-11-15,48.4,1.0
120,93308.0,0,2017-11-16,0.0,0.0
121,93308.0,0,2017-11-17,0.0,0.0
122,93308.0,0,2017-11-18,0.0,0.0
123,93308.0,0,2017-11-19,0.0,0.0
124,93308.0,0,2017-11-20,0.0,0.0
125,93308.0,0,2017-11-21,0.0,0.0
126,93308.0,0,2017-11-22,0.0,0.0
127,93308.0,0,2017-11-23,0.0,0.0
128,93308.0,0,2017-11-24,0.0,0.0
129,93308.0,0,2017-11-25,0.0,0.0
130,93308.0,0,2017-11-26,0.0,0.0
131,93308.0,0,2017-11-27,0.0,0.0
132,93308.0,0,2017-11-28,0.0,0.0
133,93308.0,0,2017-11-29,0.0,0.0
5,93308.0,MESA BLANCO ACERO CROMADO / MDF,2017-11-30,56.94,1.0
134,93308.0,0,2017-12-01,0.0,0.0
135,93308.0,0,2017-12-02,0.0,0.0
136,93308.0,0,2017-12-03,0.0,0.0
137,93308.0,0,2017-12-04,0.0,0.0
138,93308.0,0,2017-12-05,0.0,0.0
6,93308.0,MESA BLANCO ACERO CROMADO / MDF,2017-12-06,113.88,2.0
139,93308.0,0,2017-12-07,0.0,0.0
140,93308.0,0,2017-12-08,0.0,0.0
141,93308.0,0,2017-12-09,0.0,0.0
7,93308.0,MESA BLANCO ACERO CROMADO / MDF,2017-12-10,56.94,1.0
142,93308.0,0,2017-12-11,0.0,0.0
143,93308.0,0,2017-12-12,0.0,0.0
144,93308.0,0,2017-12-13,0.0,0.0
145,93308.0,0,2017-12-14,0.0,0.0
146,93308.0,0,2017-12-15,0.0,0.0
147,93308.0,0,2017-12-16,0.0,0.0
148,93308.0,0,2017-12-17,0.0,0.0
149,93308.0,0,2017-12-18,0.0,0.0
150,93308.0,0,2017-12-19,0.0,0.0
151,93308.0,0,2017-12-20,0.0,0.0
152,93308.0,0,2017-12-21,0.0,0.0
153,93308.0,0,2017-12-22,0.0,0.0
154,93308.0,0,2017-12-23,0.0,0.0
155,93308.0,0,2017-12-24,0.0,0.0
156,93308.0,0,2017-12-25,0.0,0.0
157,93308.0,0,2017-12-26,0.0,0.0
8,93308.0,MESA BLANCO ACERO CROMADO / MDF,2017-12-27,56.94,1.0
158,93308.0,0,2017-12-28,0.0,0.0
159,93308.0,0,2017-12-29,0.0,0.0
160,93308.0,0,2017-12-30,0.0,0.0
161,93308.0,0,2017-12-31,0.0,0.0
162,93308.0,0,2018-01-01,0.0,0.0
163,93308.0,0,2018-01-02,0.0,0.0
9,93308.0,MESA BLANCO ACERO CROMADO / MDF,2018-01-03,170.82,3.0
164,93308.0,0,2018-01-04,0.0,0.0
165,93308.0,0,2018-01-05,0.0,0.0
166,93308.0,0,2018-01-06,0.0,0.0
167,93308.0,0,2018-01-07,0.0,0.0
168,93308.0,0,2018-01-08,0.0,0.0
169,93308.0,0,2018-01-09,0.0,0.0
170,93308.0,0,2018-01-10,0.0,0.0
171,93308.0,0,2018-01-11,0.0,0.0
172,93308.0,0,2018-01-12,0.0,0.0
173,93308.0,0,2018-01-13,0.0,0.0
174,93308.0,0,2018-01-14,0.0,0.0
175,93308.0,0,2018-01-15,0.0,0.0
10,93308.0,MESA BLANCO ACERO CROMADO / MDF,2018-01-16,45.54,1.0
176,93308.0,0,2018-01-17,0.0,0.0
177,93308.0,0,2018-01-18,0.0,0.0
178,93308.0,0,2018-01-19,0.0,0.0
179,93308.0,0,2018-01-20,0.0,0.0
180,93308.0,0,2018-01-21,0.0,0.0
11,93308.0,MESA BLANCO ACERO CROMADO / MDF,2018-01-22,45.54,1.0
181,93308.0,0,2018-01-23,0.0,0.0
182,93308.0,0,2018-01-24,0.0,0.0
183,93308.0,0,2018-01-25,0.0,0.0
184,93308.0,0,2018-01-26,0.0,0.0
185,93308.0,0,2018-01-27,0.0,0.0
186,93308.0,0,2018-01-28,0.0,0.0
187,93308.0,0,2018-01-29,0.0,0.0
188,93308.0,0,2018-01-30,0.0,0.0
189,93308.0,0,2018-01-31,0.0,0.0
190,93308.0,0,2018-02-01,0.0,0.0
191,93308.0,0,2018-02-02,0.0,0.0
192,93308.0,0,2018-02-03,0.0,0.0
193,93308.0,0,2018-02-04,0.0,0.0
194,93308.0,0,2018-02-05,0.0,0.0
12,93308.0,MESA BLANCO ACERO CROMADO / MDF,2018-02-06,85.45,2.0
195,93308.0,0,2018-02-07,0.0,0.0
196,93308.0,0,2018-02-08,0.0,0.0
13,93308.0,MESA BLANCO ACERO CROMADO / MDF,2018-02-09,42.73,1.0
197,93308.0,0,2018-02-10,0.0,0.0
198,93308.0,0,2018-02-11,0.0,0.0
199,93308.0,0,2018-02-12,0.0,0.0
14,93308.0,MESA BLANCO ACERO CROMADO / MDF,2018-02-13,42.73,1.0
200,93308.0,0,2018-02-14,0.0,0.0
15,93308.0,MESA BLANCO ACERO CROMADO / MDF,2018-02-15,42.73,1.0
201,93308.0,0,2018-02-16,0.0,0.0
202,93308.0,0,2018-02-17,0.0,0.0
203,93308.0,0,2018-02-18,0.0,0.0
16,93308.0,MESA BLANCO ACERO CROMADO / MDF,2018-02-19,56.94,1.0
204,93308.0,0,2018-02-20,0.0,0.0
205,93308.0,0,2018-02-21,0.0,0.0
206,93308.0,0,2018-02-22,0.0,0.0
207,93308.0,0,2018-02-23,0.0,0.0
208,93308.0,0,2018-02-24,0.0,0.0
209,93308.0,0,2018-02-25,0.0,0.0
210,93308.0,0,2018-02-26,0.0,0.0
211,93308.0,0,2018-02-27,0.0,0.0
212,93308.0,0,2018-02-28,0.0,0.0
213,93308.0,0,2018-03-01,0.0,0.0
214,93308.0,0,2018-03-02,0.0,0.0
215,93308.0,0,2018-03-03,0.0,0.0
216,93308.0,0,2018-03-04,0.0,0.0
217,93308.0,0,2018-03-05,0.0,0.0
218,93308.0,0,2018-03-06,0.0,0.0
219,93308.0,0,2018-03-07,0.0,0.0
17,93308.0,MESA BLANCO ACERO CROMADO / MDF,2018-03-08,56.94,1.0
220,93308.0,0,2018-03-09,0.0,0.0
221,93308.0,0,2018-03-10,0.0,0.0
222,93308.0,0,2018-03-11,0.0,0.0
223,93308.0,0,2018-03-12,0.0,0.0
224,93308.0,0,2018-03-13,0.0,0.0
225,93308.0,0,2018-03-14,0.0,0.0
226,93308.0,0,2018-03-15,0.0,0.0
227,93308.0,0,2018-03-16,0.0,0.0
228,93308.0,0,2018-03-17,0.0,0.0
229,93308.0,0,2018-03-18,0.0,0.0
230,93308.0,0,2018-03-19,0.0,0.0
231,93308.0,0,2018-03-20,0.0,0.0
232,93308.0,0,2018-03-21,0.0,0.0
233,93308.0,0,2018-03-22,0.0,0.0
234,93308.0,0,2018-03-23,0.0,0.0
235,93308.0,0,2018-03-24,0.0,0.0
236,93308.0,0,2018-03-25,0.0,0.0
237,93308.0,0,2018-03-26,0.0,0.0
238,93308.0,0,2018-03-27,0.0,0.0
239,93308.0,0,2018-03-28,0.0,0.0
240,93308.0,0,2018-03-29,0.0,0.0
18,93308.0,MESA BLANCO ACERO CROMADO / MDF,2018-03-30,56.94,1.0
241,93308.0,0,2018-03-31,0.0,0.0
242,93308.0,0,2018-04-01,0.0,0.0
243,93308.0,0,2018-04-02,0.0,0.0
244,93308.0,0,2018-04-03,0.0,0.0
245,93308.0,0,2018-04-04,0.0,0.0
246,93308.0,0,2018-04-05,0.0,0.0
247,93308.0,0,2018-04-06,0.0,0.0
248,93308.0,0,2018-04-07,0.0,0.0
249,93308.0,0,2018-04-08,0.0,0.0
250,93308.0,0,2018-04-09,0.0,0.0
19,93308.0,MESA BLANCO ACERO CROMADO / MDF,2018-04-10,113.88,2.0
251,93308.0,0,2018-04-11,0.0,0.0
20,93308.0,MESA BLANCO ACERO CROMADO / MDF,2018-04-12,56.94,1.0
252,93308.0,0,2018-04-13,0.0,0.0
253,93308.0,0,2018-04-14,0.0,0.0
254,93308.0,0,2018-04-15,0.0,0.0
255,93308.0,0,2018-04-16,0.0,0.0
256,93308.0,0,2018-04-17,0.0,0.0
257,93308.0,0,2018-04-18,0.0,0.0
258,93308.0,0,2018-04-19,0.0,0.0
259,93308.0,0,2018-04-20,0.0,0.0
260,93308.0,0,2018-04-21,0.0,0.0
261,93308.0,0,2018-04-22,0.0,0.0
262,93308.0,0,2018-04-23,0.0,0.0
263,93308.0,0,2018-04-24,0.0,0.0
264,93308.0,0,2018-04-25,0.0,0.0
265,93308.0,0,2018-04-26,0.0,0.0
266,93308.0,0,2018-04-27,0.0,0.0
267,93308.0,0,2018-04-28,0.0,0.0
268,93308.0,0,2018-04-29,0.0,0.0
269,93308.0,0,2018-04-30,0.0,0.0
270,93308.0,0,2018-05-01,0.0,0.0
271,93308.0,0,2018-05-02,0.0,0.0
272,93308.0,0,2018-05-03,0.0,0.0
273,93308.0,0,2018-05-04,0.0,0.0
274,93308.0,0,2018-05-05,0.0,0.0
275,93308.0,0,2018-05-06,0.0,0.0
276,93308.0,0,2018-05-07,0.0,0.0
277,93308.0,0,2018-05-08,0.0,0.0
278,93308.0,0,2018-05-09,0.0,0.0
279,93308.0,0,2018-05-10,0.0,0.0
280,93308.0,0,2018-05-11,0.0,0.0
281,93308.0,0,2018-05-12,0.0,0.0
282,93308.0,0,2018-05-13,0.0,0.0
283,93308.0,0,2018-05-14,0.0,0.0
284,93308.0,0,2018-05-15,0.0,0.0
285,93308.0,0,2018-05-16,0.0,0.0
286,93308.0,0,2018-05-17,0.0,0.0
287,93308.0,0,2018-05-18,0.0,0.0
288,93308.0,0,2018-05-19,0.0,0.0
289,93308.0,0,2018-05-20,0.0,0.0
290,93308.0,0,2018-05-21,0.0,0.0
21,93308.0,MESA BLANCO ACERO CROMADO / MDF,2018-05-22,56.94,1.0
22,93308.0,MESA BLANCO ACERO CROMADO / MDF,2018-05-23,341.65,6.0
291,93308.0,0,2018-05-24,0.0,0.0
292,93308.0,0,2018-05-25,0.0,0.0
293,93308.0,0,2018-05-26,0.0,0.0
294,93308.0,0,2018-05-27,0.0,0.0
23,93308.0,MESA BLANCO ACERO CROMADO / MDF,2018-05-28,56.94,1.0
295,93308.0,0,2018-05-29,0.0,0.0
24,93308.0,MESA BLANCO ACERO CROMADO / MDF,2018-05-30,56.94,1.0
296,93308.0,0,2018-05-31,0.0,0.0
297,93308.0,0,2018-06-01,0.0,0.0
298,93308.0,0,2018-06-02,0.0,0.0
299,93308.0,0,2018-06-03,0.0,0.0
300,93308.0,0,2018-06-04,0.0,0.0
301,93308.0,0,2018-06-05,0.0,0.0
302,93308.0,0,2018-06-06,0.0,0.0
303,93308.0,0,2018-06-07,0.0,0.0
304,93308.0,0,2018-06-08,0.0,0.0
305,93308.0,0,2018-06-09,0.0,0.0
306,93308.0,0,2018-06-10,0.0,0.0
307,93308.0,0,2018-06-11,0.0,0.0
308,93308.0,0,2018-06-12,0.0,0.0
309,93308.0,0,2018-06-13,0.0,0.0
310,93308.0,0,2018-06-14,0.0,0.0
311,93308.0,0,2018-06-15,0.0,0.0
312,93308.0,0,2018-06-16,0.0,0.0
313,93308.0,0,2018-06-17,0.0,0.0
314,93308.0,0,2018-06-18,0.0,0.0
315,93308.0,0,2018-06-19,0.0,0.0
316,93308.0,0,2018-06-20,0.0,0.0
317,93308.0,0,2018-06-21,0.0,0.0
318,93308.0,0,2018-06-22,0.0,0.0
25,93308.0,MESA BLANCO ACERO CROMADO / MDF,2018-06-23,56.94,1.0
319,93308.0,0,2018-06-24,0.0,0.0
320,93308.0,0,2018-06-25,0.0,0.0
321,93308.0,0,2018-06-26,0.0,0.0
322,93308.0,0,2018-06-27,0.0,0.0
323,93308.0,0,2018-06-28,0.0,0.0
324,93308.0,0,2018-06-29,0.0,0.0
325,93308.0,0,2018-06-30,0.0,0.0
326,93308.0,0,2018-07-01,0.0,0.0
26,93308.0,MESA BLANCO ACERO CROMADO / MDF,2018-07-02,56.94,1.0
327,93308.0,0,2018-07-03,0.0,0.0
328,93308.0,0,2018-07-04,0.0,0.0
329,93308.0,0,2018-07-05,0.0,0.0
330,93308.0,0,2018-07-06,0.0,0.0
331,93308.0,0,2018-07-07,0.0,0.0
332,93308.0,0,2018-07-08,0.0,0.0
27,93308.0,MESA BLANCO ACERO CROMADO / MDF,2018-07-09,56.94,1.0
333,93308.0,0,2018-07-10,0.0,0.0
334,93308.0,0,2018-07-11,0.0,0.0
335,93308.0,0,2018-07-12,0.0,0.0
336,93308.0,0,2018-07-13,0.0,0.0
337,93308.0,0,2018-07-14,0.0,0.0
338,93308.0,0,2018-07-15,0.0,0.0
339,93308.0,0,2018-07-16,0.0,0.0
340,93308.0,0,2018-07-17,0.0,0.0
341,93308.0,0,2018-07-18,0.0,0.0
342,93308.0,0,2018-07-19,0.0,0.0
343,93308.0,0,2018-07-20,0.0,0.0
344,93308.0,0,2018-07-21,0.0,0.0
28,93308.0,MESA BLANCO ACERO CROMADO / MDF,2018-07-22,113.88,2.0
345,93308.0,0,2018-07-23,0.0,0.0
29,93308.0,MESA BLANCO ACERO CROMADO / MDF,2018-07-24,56.94,1.0
346,93308.0,0,2018-07-25,0.0,0.0
347,93308.0,0,2018-07-26,0.0,0.0
348,93308.0,0,2018-07-27,0.0,0.0
349,93308.0,0,2018-07-28,0.0,0.0
350,93308.0,0,2018-07-29,0.0,0.0
30,93308.0,MESA BLANCO ACERO CROMADO / MDF,2018-07-30,113.88,2.0
351,93308.0,0,2018-07-31,0.0,0.0
352,93308.0,0,2018-08-01,0.0,0.0
353,93308.0,0,2018-08-02,0.0,0.0
354,93308.0,0,2018-08-03,0.0,0.0
355,93308.0,0,2018-08-04,0.0,0.0
356,93308.0,0,2018-08-05,0.0,0.0
357,93308.0,0,2018-08-06,0.0,0.0
358,93308.0,0,2018-08-07,0.0,0.0
359,93308.0,0,2018-08-08,0.0,0.0
360,93308.0,0,2018-08-09,0.0,0.0
361,93308.0,0,2018-08-10,0.0,0.0
362,93308.0,0,2018-08-11,0.0,0.0
363,93308.0,0,2018-08-12,0.0,0.0
364,93308.0,0,2018-08-13,0.0,0.0
31,93308.0,MESA BLANCO ACERO CROMADO / MDF,2018-08-14,56.94,1.0
365,93308.0,0,2018-08-15,0.0,0.0
366,93308.0,0,2018-08-16,0.0,0.0
367,93308.0,0,2018-08-17,0.0,0.0
368,93308.0,0,2018-08-18,0.0,0.0
369,93308.0,0,2018-08-19,0.0,0.0
370,93308.0,0,2018-08-20,0.0,0.0
371,93308.0,0,2018-08-21,0.0,0.0
32,93308.0,MESA BLANCO ACERO CROMADO / MDF,2018-08-22,56.94,1.0
372,93308.0,0,2018-08-23,0.0,0.0
373,93308.0,0,2018-08-24,0.0,0.0
374,93308.0,0,2018-08-25,0.0,0.0
375,93308.0,0,2018-08-26,0.0,0.0
376,93308.0,0,2018-08-27,0.0,0.0
33,93308.0,MESA BLANCO ACERO CROMADO / MDF,2018-08-28,56.94,1.0
377,93308.0,0,2018-08-29,0.0,0.0
378,93308.0,0,2018-08-30,0.0,0.0
379,93308.0,0,2018-08-31,0.0,0.0
380,93308.0,0,2018-09-01,0.0,0.0
381,93308.0,0,2018-09-02,0.0,0.0
382,93308.0,0,2018-09-03,0.0,0.0
383,93308.0,0,2018-09-04,0.0,0.0
384,93308.0,0,2018-09-05,0.0,0.0
385,93308.0,0,2018-09-06,0.0,0.0
386,93308.0,0,2018-09-07,0.0,0.0
387,93308.0,0,2018-09-08,0.0,0.0
388,93308.0,0,2018-09-09,0.0,0.0
389,93308.0,0,2018-09-10,0.0,0.0
390,93308.0,0,2018-09-11,0.0,0.0
391,93308.0,0,2018-09-12,0.0,0.0
392,93308.0,0,2018-09-13,0.0,0.0
393,93308.0,0,2018-09-14,0.0,0.0
394,93308.0,0,2018-09-15,0.0,0.0
395,93308.0,0,2018-09-16,0.0,0.0
396,93308.0,0,2018-09-17,0.0,0.0
397,93308.0,0,2018-09-18,0.0,0.0
398,93308.0,0,2018-09-19,0.0,0.0
34,93308.0,MESA BLANCO ACERO CROMADO / MDF,2018-09-20,56.94,1.0
399,93308.0,0,2018-09-21,0.0,0.0
400,93308.0,0,2018-09-22,0.0,0.0
401,93308.0,0,2018-09-23,0.0,0.0
35,93308.0,MESA BLANCO ACERO CROMADO / MDF,2018-09-24,56.94,1.0
402,93308.0,0,2018-09-25,0.0,0.0
403,93308.0,0,2018-09-26,0.0,0.0
404,93308.0,0,2018-09-27,0.0,0.0
405,93308.0,0,2018-09-28,0.0,0.0
406,93308.0,0,2018-09-29,0.0,0.0
407,93308.0,0,2018-09-30,0.0,0.0
408,93308.0,0,2018-10-01,0.0,0.0
409,93308.0,0,2018-10-02,0.0,0.0
36,93308.0,MESA BLANCO ACERO CROMADO / MDF,2018-10-03,51.24,1.0
37,93308.0,MESA BLANCO ACERO CROMADO / MDF,2018-10-04,113.88,2.0
410,93308.0,0,2018-10-05,0.0,0.0
411,93308.0,0,2018-10-06,0.0,0.0
38,93308.0,MESA BLANCO ACERO CROMADO / MDF,2018-10-07,56.94,1.0
412,93308.0,0,2018-10-08,0.0,0.0
39,93308.0,MESA BLANCO ACERO CROMADO / MDF,2018-10-09,56.94,1.0
413,93308.0,0,2018-10-10,0.0,0.0
414,93308.0,0,2018-10-11,0.0,0.0
415,93308.0,0,2018-10-12,0.0,0.0
416,93308.0,0,2018-10-13,0.0,0.0
417,93308.0,0,2018-10-14,0.0,0.0
418,93308.0,0,2018-10-15,0.0,0.0
40,93308.0,MESA BLANCO ACERO CROMADO / MDF,2018-10-16,56.94,1.0
419,93308.0,0,2018-10-17,0.0,0.0
420,93308.0,0,2018-10-18,0.0,0.0
421,93308.0,0,2018-10-19,0.0,0.0
422,93308.0,0,2018-10-20,0.0,0.0
423,93308.0,0,2018-10-21,0.0,0.0
424,93308.0,0,2018-10-22,0.0,0.0
425,93308.0,0,2018-10-23,0.0,0.0
426,93308.0,0,2018-10-24,0.0,0.0
427,93308.0,0,2018-10-25,0.0,0.0
428,93308.0,0,2018-10-26,0.0,0.0
429,93308.0,0,2018-10-27,0.0,0.0
430,93308.0,0,2018-10-28,0.0,0.0
431,93308.0,0,2018-10-29,0.0,0.0
432,93308.0,0,2018-10-30,0.0,0.0
41,93308.0,MESA BLANCO ACERO CROMADO / MDF,2018-10-31,56.94,1.0
42,93308.0,MESA BLANCO ACERO CROMADO / MDF,2018-11-01,56.94,1.0
433,93308.0,0,2018-11-02,0.0,0.0
434,93308.0,0,2018-11-03,0.0,0.0
435,93308.0,0,2018-11-04,0.0,0.0
436,93308.0,0,2018-11-05,0.0,0.0
43,93308.0,MESA BLANCO ACERO CROMADO / MDF,2018-11-06,113.88,2.0
437,93308.0,0,2018-11-07,0.0,0.0
438,93308.0,0,2018-11-08,0.0,0.0
439,93308.0,0,2018-11-09,0.0,0.0
440,93308.0,0,2018-11-10,0.0,0.0
441,93308.0,0,2018-11-11,0.0,0.0
442,93308.0,0,2018-11-12,0.0,0.0
443,93308.0,0,2018-11-13,0.0,0.0
44,93308.0,MESA BLANCO ACERO CROMADO / MDF,2018-11-14,51.25,1.0
444,93308.0,0,2018-11-15,0.0,0.0
445,93308.0,0,2018-11-16,0.0,0.0
446,93308.0,0,2018-11-17,0.0,0.0
447,93308.0,0,2018-11-18,0.0,0.0
448,93308.0,0,2018-11-19,0.0,0.0
449,93308.0,0,2018-11-20,0.0,0.0
450,93308.0,0,2018-11-21,0.0,0.0
451,93308.0,0,2018-11-22,0.0,0.0
452,93308.0,0,2018-11-23,0.0,0.0
453,93308.0,0,2018-11-24,0.0,0.0
454,93308.0,0,2018-11-25,0.0,0.0
455,93308.0,0,2018-11-26,0.0,0.0
456,93308.0,0,2018-11-27,0.0,0.0
457,93308.0,0,2018-11-28,0.0,0.0
458,93308.0,0,2018-11-29,0.0,0.0
459,93308.0,0,2018-11-30,0.0,0.0
460,93308.0,0,2018-12-01,0.0,0.0
461,93308.0,0,2018-12-02,0.0,0.0
462,93308.0,0,2018-12-03,0.0,0.0
463,93308.0,0,2018-12-04,0.0,0.0
464,93308.0,0,2018-12-05,0.0,0.0
465,93308.0,0,2018-12-06,0.0,0.0
466,93308.0,0,2018-12-07,0.0,0.0
467,93308.0,0,2018-12-08,0.0,0.0
468,93308.0,0,2018-12-09,0.0,0.0
469,93308.0,0,2018-12-10,0.0,0.0
470,93308.0,0,2018-12-11,0.0,0.0
471,93308.0,0,2018-12-12,0.0,0.0
472,93308.0,0,2018-12-13,0.0,0.0
473,93308.0,0,2018-12-14,0.0,0.0
474,93308.0,0,2018-12-15,0.0,0.0
475,93308.0,0,2018-12-16,0.0,0.0
476,93308.0,0,2018-12-17,0.0,0.0
477,93308.0,0,2018-12-18,0.0,0.0
478,93308.0,0,2018-12-19,0.0,0.0
479,93308.0,0,2018-12-20,0.0,0.0
480,93308.0,0,2018-12-21,0.0,0.0
481,93308.0,0,2018-12-22,0.0,0.0
482,93308.0,0,2018-12-23,0.0,0.0
483,93308.0,0,2018-12-24,0.0,0.0
484,93308.0,0,2018-12-25,0.0,0.0
485,93308.0,0,2018-12-26,0.0,0.0
486,93308.0,0,2018-12-27,0.0,0.0
45,93308.0,MESA BLANCO ACERO CROMADO / MDF,2018-12-28,56.94,1.0
487,93308.0,0,2018-12-29,0.0,0.0
488,93308.0,0,2018-12-30,0.0,0.0
489,93308.0,0,2018-12-31,0.0,0.0
490,93308.0,0,2019-01-01,0.0,0.0
491,93308.0,0,2019-01-02,0.0,0.0
492,93308.0,0,2019-01-03,0.0,0.0
493,93308.0,0,2019-01-04,0.0,0.0
494,93308.0,0,2019-01-05,0.0,0.0
495,93308.0,0,2019-01-06,0.0,0.0
496,93308.0,0,2019-01-07,0.0,0.0
497,93308.0,0,2019-01-08,0.0,0.0
498,93308.0,0,2019-01-09,0.0,0.0
499,93308.0,0,2019-01-10,0.0,0.0
500,93308.0,0,2019-01-11,0.0,0.0
501,93308.0,0,2019-01-12,0.0,0.0
502,93308.0,0,2019-01-13,0.0,0.0
503,93308.0,0,2019-01-14,0.0,0.0
504,93308.0,0,2019-01-15,0.0,0.0
505,93308.0,0,2019-01-16,0.0,0.0
506,93308.0,0,2019-01-17,0.0,0.0
507,93308.0,0,2019-01-18,0.0,0.0
508,93308.0,0,2019-01-19,0.0,0.0
509,93308.0,0,2019-01-20,0.0,0.0
510,93308.0,0,2019-01-21,0.0,0.0
511,93308.0,0,2019-01-22,0.0,0.0
512,93308.0,0,2019-01-23,0.0,0.0
513,93308.0,0,2019-01-24,0.0,0.0
514,93308.0,0,2019-01-25,0.0,0.0
515,93308.0,0,2019-01-26,0.0,0.0
516,93308.0,0,2019-01-27,0.0,0.0
517,93308.0,0,2019-01-28,0.0,0.0
518,93308.0,0,2019-01-29,0.0,0.0
46,93308.0,MESA BLANCO ACERO CROMADO / MDF,2019-01-30,51.24,1.0
519,93308.0,0,2019-01-31,0.0,0.0
520,93308.0,0,2019-02-01,0.0,0.0
521,93308.0,0,2019-02-02,0.0,0.0
522,93308.0,0,2019-02-03,0.0,0.0
523,93308.0,0,2019-02-04,0.0,0.0
524,93308.0,0,2019-02-05,0.0,0.0
525,93308.0,0,2019-02-06,0.0,0.0
526,93308.0,0,2019-02-07,0.0,0.0
527,93308.0,0,2019-02-08,0.0,0.0
528,93308.0,0,2019-02-09,0.0,0.0
529,93308.0,0,2019-02-10,0.0,0.0
47,93308.0,MESA BLANCO ACERO CROMADO / MDF,2019-02-11,48.43,1.0
530,93308.0,0,2019-02-12,0.0,0.0
48,93308.0,MESA BLANCO ACERO CROMADO / MDF,2019-02-13,48.43,1.0
531,93308.0,0,2019-02-14,0.0,0.0
532,93308.0,0,2019-02-15,0.0,0.0
533,93308.0,0,2019-02-16,0.0,0.0
534,93308.0,0,2019-02-17,0.0,0.0
535,93308.0,0,2019-02-18,0.0,0.0
536,93308.0,0,2019-02-19,0.0,0.0
537,93308.0,0,2019-02-20,0.0,0.0
538,93308.0,0,2019-02-21,0.0,0.0
539,93308.0,0,2019-02-22,0.0,0.0
540,93308.0,0,2019-02-23,0.0,0.0
541,93308.0,0,2019-02-24,0.0,0.0
542,93308.0,0,2019-02-25,0.0,0.0
543,93308.0,0,2019-02-26,0.0,0.0
544,93308.0,0,2019-02-27,0.0,0.0
49,93308.0,MESA BLANCO ACERO CROMADO / MDF,2019-02-28,227.77,4.0
545,93308.0,0,2019-03-01,0.0,0.0
546,93308.0,0,2019-03-02,0.0,0.0
547,93308.0,0,2019-03-03,0.0,0.0
548,93308.0,0,2019-03-04,0.0,0.0
549,93308.0,0,2019-03-05,0.0,0.0
550,93308.0,0,2019-03-06,0.0,0.0
551,93308.0,0,2019-03-07,0.0,0.0
552,93308.0,0,2019-03-08,0.0,0.0
553,93308.0,0,2019-03-09,0.0,0.0
554,93308.0,0,2019-03-10,0.0,0.0
555,93308.0,0,2019-03-11,0.0,0.0
556,93308.0,0,2019-03-12,0.0,0.0
557,93308.0,0,2019-03-13,0.0,0.0
558,93308.0,0,2019-03-14,0.0,0.0
559,93308.0,0,2019-03-15,0.0,0.0
560,93308.0,0,2019-03-16,0.0,0.0
561,93308.0,0,2019-03-17,0.0,0.0
562,93308.0,0,2019-03-18,0.0,0.0
563,93308.0,0,2019-03-19,0.0,0.0
564,93308.0,0,2019-03-20,0.0,0.0
565,93308.0,0,2019-03-21,0.0,0.0
566,93308.0,0,2019-03-22,0.0,0.0
567,93308.0,0,2019-03-23,0.0,0.0
568,93308.0,0,2019-03-24,0.0,0.0
569,93308.0,0,2019-03-25,0.0,0.0
570,93308.0,0,2019-03-26,0.0,0.0
571,93308.0,0,2019-03-27,0.0,0.0
572,93308.0,0,2019-03-28,0.0,0.0
573,93308.0,0,2019-03-29,0.0,0.0
574,93308.0,0,2019-03-30,0.0,0.0
575,93308.0,0,2019-03-31,0.0,0.0
